,age,overall_rating,skill_moves(1-5),ST,RS,LW,LF,CF,RF,RW,LAM,CAM,RAM,LM,LCM,CM,RCM,RM,CDM,LCB,CB,RCB,RB,contract_duration,body_type_Lean,body_type_Normal,value
0,26.0,64.0,3.0,62.0,62.0,65.0,64.0,64.0,64.0,65.0,63.0,63.0,63.0,63.0,56.0,56.0,56.0,63.0,51.0,50.0,50.0,50.0,56.0,2.0,0.0,1.0,3238109.2352376655
1,32.0,72.0,2.0,46.0,46.0,42.0,44.0,44.0,44.0,42.0,44.0,44.0,44.0,43.0,48.0,48.0,48.0,43.0,61.0,71.0,71.0,71.0,58.0,0.0,1.0,0.0,3504088.431557212
2,24.0,71.0,3.0,71.0,69.0,69.0,70.0,70.0,70.0,69.0,67.0,67.0,67.0,68.0,58.0,58.0,58.0,68.0,48.0,47.0,47.0,47.0,51.0,3.0,1.0,0.0,5811879.834578674
3,31.0,72.0,3.0,63.0,63.0,64.0,64.0,64.0,64.0,64.0,63.0,63.0,63.0,65.0,65.0,65.0,65.0,65.0,68.0,70.0,70.0,70.0,70.0,8.0,0.0,1.0,6310467.482511874
4,24.0,64.0,2.0,53.0,53.0,57.0,55.0,55.0,55.0,57.0,55.0,55.0,55.0,59.0,56.0,56.0,56.0,61.0,58.0,58.0,58.0,58.0,61.0,3.0,1.0,0.0,445177.31453855336
5,21.0,59.0,2.0,58.0,60.0,56.0,57.0,57.0,57.0,56.0,55.0,55.0,55.0,53.0,46.0,46.0,46.0,53.0,35.0,34.0,34.0,34.0,37.0,5.0,1.0,0.0,1491336.528334435
6,23.0,67.0,3.0,64.0,64.0,67.0,66.0,66.0,66.0,67.0,66.0,66.0,66.0,66.0,58.0,58.0,58.0,66.0,46.0,40.0,40.0,40.0,47.0,2.0,0.0,1.0,3140887.2078486905
7,27.0,73.0,3.0,61.0,61.0,67.0,65.0,65.0,65.0,67.0,67.0,67.0,67.0,69.0,68.0,68.0,68.0,69.0,70.0,70.0,70.0,70.0,72.0,5.0,0.0,1.0,6029180.461940471
8,31.0,66.0,3.0,62.0,62.0,62.0,62.0,62.0,62.0,62.0,63.0,63.0,63.0,63.0,65.0,65.0,65.0,63.0,67.0,66.0,66.0,66.0,64.0,0.0,1.0,0.0,1472939.1784124784
9,26.0,67.0,3.0,57.0,57.0,61.0,59.0,59.0,59.0,61.0,60.0,60.0,60.0,63.0,61.0,61.0,61.0,63.0,63.0,62.0,62.0,62.0,67.0,3.0,0.0,1.0,3365299.397848472
10,30.0,69.0,2.0,58.0,58.0,63.0,62.0,62.0,62.0,63.0,65.0,65.0,65.0,66.0,68.0,68.0,68.0,66.0,68.0,63.0,63.0,63.0,65.0,2.0,1.0,0.0,920902.2948374338
11,23.0,74.0,3.0,69.0,69.0,71.0,71.0,71.0,71.0,71.0,71.0,71.0,71.0,72.0,72.0,72.0,72.0,72.0,75.0,71.0,71.0,71.0,71.0,4.0,0.0,0.0,7310437.866094388
12,27.0,66.0,2.0,54.0,54.0,54.0,53.0,53.0,53.0,54.0,55.0,55.0,55.0,57.0,59.0,59.0,61.0,57.0,65.0,67.0,67.0,67.0,63.0,1.0,0.0,0.0,-436575.0753226504
13,20.0,74.0,3.0,67.0,67.0,72.0,71.0,71.0,71.0,72.0,73.0,73.0,73.0,72.0,72.0,70.0,70.0,72.0,58.0,48.0,48.0,48.0,57.0,1.0,1.0,0.0,5602692.371138807
14,21.0,68.0,3.0,66.0,66.0,60.0,63.0,63.0,63.0,60.0,60.0,60.0,60.0,59.0,53.0,53.0,53.0,59.0,43.0,40.0,40.0,40.0,40.0,3.0,0.0,1.0,4690321.731441226
15,21.0,60.0,1.0,64.0,64.0,63.0,62.0,62.0,62.0,63.0,61.0,61.0,61.0,61.0,58.0,58.0,58.0,61.0,62.0,64.0,64.0,64.0,64.0,3.0,0.0,1.0,1180844.1661630496
16,27.0,69.0,2.0,57.0,57.0,58.0,58.0,58.0,58.0,58.0,59.0,59.0,59.0,60.0,63.0,63.0,63.0,60.0,70.0,68.0,68.0,68.0,66.0,5.0,1.0,0.0,3479198.919634588
17,18.0,63.0,2.0,62.0,62.0,61.0,61.0,61.0,61.0,61.0,60.0,60.0,60.0,58.0,51.0,51.0,51.0,58.0,38.0,35.0,35.0,35.0,40.0,5.0,0.0,0.0,2947388.756425116
18,27.0,77.0,4.0,76.0,78.0,75.0,76.0,76.0,76.0,75.0,74.0,74.0,74.0,74.0,68.0,68.0,68.0,74.0,55.0,49.0,49.0,49.0,54.0,4.0,0.0,1.0,8536197.429249171
19,22.0,56.0,2.0,47.0,47.0,48.0,47.0,47.0,47.0,48.0,48.0,48.0,48.0,51.0,51.0,51.0,51.0,51.0,54.0,55.0,55.0,55.0,57.0,5.0,1.0,0.0,-1397237.2847345173
20,23.0,66.0,1.0,64.0,64.0,63.0,62.0,62.0,62.0,63.0,61.0,61.0,61.0,61.0,58.0,58.0,58.0,61.0,62.0,64.0,64.0,64.0,64.0,9.0,0.0,1.0,4669531.989192653
21,25.0,63.0,2.0,45.0,45.0,47.0,47.0,47.0,47.0,47.0,49.0,49.0,49.0,49.0,52.0,52.0,52.0,49.0,60.0,62.0,62.0,64.0,56.0,2.0,0.0,1.0,548970.5982619897
22,29.0,64.0,4.0,58.0,58.0,63.0,61.0,61.0,61.0,63.0,62.0,62.0,62.0,63.0,57.0,57.0,57.0,63.0,46.0,39.0,39.0,39.0,49.0,2.0,0.0,1.0,1546573.3037420474
23,25.0,61.0,2.0,59.0,59.0,57.0,58.0,58.0,58.0,57.0,57.0,57.0,57.0,55.0,49.0,49.0,49.0,55.0,39.0,37.0,37.0,37.0,39.0,3.0,1.0,0.0,372919.8599319458
24,27.0,68.0,3.0,57.0,57.0,63.0,61.0,61.0,61.0,63.0,61.0,61.0,61.0,65.0,60.0,60.0,60.0,65.0,63.0,63.0,63.0,63.0,67.0,2.0,1.0,0.0,3440565.2554722093
25,29.0,73.0,3.0,64.0,64.0,67.0,66.0,66.0,66.0,67.0,67.0,67.0,67.0,68.0,68.0,68.0,68.0,68.0,70.0,68.0,68.0,68.0,71.0,3.0,1.0,0.0,6001609.631135583
26,21.0,63.0,3.0,60.0,60.0,61.0,62.0,62.0,62.0,61.0,62.0,62.0,62.0,61.0,62.0,62.0,64.0,61.0,60.0,58.0,58.0,58.0,59.0,5.0,0.0,1.0,3278249.133780945
27,23.0,72.0,3.0,72.0,70.0,64.0,67.0,67.0,67.0,64.0,62.0,62.0,62.0,62.0,55.0,55.0,55.0,62.0,44.0,44.0,44.0,44.0,44.0,1.0,1.0,0.0,5816962.833023138
28,28.0,73.0,2.0,63.0,63.0,64.0,63.0,63.0,63.0,64.0,64.0,64.0,64.0,65.0,67.0,67.0,67.0,65.0,71.0,73.0,73.0,73.0,72.0,4.0,0.0,1.0,5003085.598783903
29,36.0,63.0,1.0,64.0,64.0,63.0,62.0,62.0,62.0,63.0,61.0,61.0,61.0,61.0,58.0,58.0,58.0,61.0,62.0,64.0,64.0,64.0,64.0,2.0,0.0,1.0,-986558.3991415091
30,23.0,70.0,3.0,59.0,59.0,63.0,60.0,60.0,60.0,63.0,61.0,61.0,61.0,65.0,62.0,62.0,62.0,65.0,65.0,66.0,66.0,66.0,70.0,5.0,0.0,1.0,5561841.639906906
31,22.0,61.0,3.0,54.0,54.0,59.0,58.0,58.0,58.0,59.0,59.0,59.0,59.0,62.0,57.0,57.0,57.0,60.0,51.0,45.0,45.0,45.0,51.0,2.0,0.0,1.0,-83692.53824664652
32,31.0,71.0,3.0,65.0,65.0,69.0,68.0,68.0,68.0,69.0,70.0,70.0,70.0,67.0,68.0,68.0,68.0,67.0,61.0,55.0,55.0,55.0,56.0,2.0,0.0,1.0,3461267.291739363
33,31.0,62.0,2.0,38.0,38.0,33.0,34.0,34.0,34.0,33.0,34.0,34.0,34.0,35.0,39.0,39.0,39.0,35.0,52.0,61.0,61.0,61.0,51.0,2.0,0.0,1.0,-804173.9956728294
34,20.0,62.0,2.0,60.0,60.0,57.0,58.0,58.0,58.0,57.0,56.0,56.0,56.0,54.0,49.0,49.0,49.0,54.0,43.0,43.0,43.0,43.0,43.0,1.0,1.0,0.0,2068483.2242332064
35,21.0,68.0,3.0,60.0,60.0,59.0,61.0,61.0,61.0,59.0,62.0,62.0,62.0,60.0,64.0,66.0,64.0,62.0,67.0,68.0,68.0,68.0,63.0,1.0,1.0,0.0,5781801.123594653
36,28.0,82.0,1.0,64.0,64.0,63.0,62.0,62.0,62.0,63.0,61.0,61.0,61.0,61.0,58.0,58.0,58.0,61.0,62.0,64.0,64.0,64.0,64.0,7.0,0.0,1.0,9385126.512061507
37,23.0,62.0,2.0,47.0,47.0,51.0,48.0,48.0,48.0,51.0,49.0,49.0,49.0,54.0,51.0,51.0,51.0,54.0,58.0,61.0,61.0,61.0,61.0,2.0,0.0,1.0,-534132.894036524
38,26.0,68.0,3.0,60.0,60.0,63.0,61.0,61.0,61.0,63.0,61.0,61.0,61.0,64.0,62.0,62.0,62.0,64.0,64.0,64.0,64.0,64.0,66.0,5.0,0.0,1.0,4108844.3892310597
39,25.0,59.0,2.0,58.0,58.0,58.0,58.0,58.0,58.0,58.0,58.0,58.0,58.0,59.0,57.0,57.0,57.0,59.0,56.0,54.0,54.0,54.0,55.0,5.0,0.0,1.0,-579365.4270039685
40,25.0,74.0,3.0,67.0,67.0,68.0,69.0,69.0,69.0,68.0,70.0,70.0,70.0,69.0,72.0,72.0,74.0,69.0,73.0,72.0,72.0,72.0,71.0,4.0,0.0,1.0,6873445.147917651
41,31.0,80.0,2.0,58.0,58.0,56.0,57.0,57.0,57.0,56.0,58.0,58.0,58.0,59.0,64.0,64.0,64.0,59.0,75.0,79.0,79.0,79.0,74.0,3.0,1.0,0.0,7462731.021226894
42,24.0,63.0,2.0,39.0,39.0,35.0,36.0,36.0,36.0,35.0,36.0,36.0,36.0,39.0,42.0,42.0,42.0,39.0,55.0,63.0,61.0,61.0,55.0,2.0,0.0,1.0,-1613329.6530259624
43,34.0,70.0,3.0,62.0,62.0,64.0,65.0,65.0,65.0,64.0,67.0,67.0,67.0,65.0,69.0,69.0,69.0,65.0,68.0,66.0,66.0,66.0,65.0,3.0,1.0,0.0,3493604.4115367867
44,24.0,71.0,2.0,57.0,57.0,54.0,55.0,55.0,55.0,54.0,54.0,54.0,54.0,55.0,55.0,55.0,55.0,55.0,63.0,69.0,69.0,69.0,64.0,5.0,0.0,1.0,5996085.86449815
45,22.0,55.0,1.0,64.0,64.0,63.0,62.0,62.0,62.0,63.0,61.0,61.0,61.0,61.0,58.0,58.0,58.0,61.0,62.0,64.0,64.0,64.0,64.0,4.0,1.0,0.0,-532640.9787949435
46,22.0,57.0,1.0,64.0,64.0,63.0,62.0,62.0,62.0,63.0,61.0,61.0,61.0,61.0,58.0,58.0,58.0,61.0,62.0,64.0,64.0,64.0,64.0,3.0,0.0,1.0,-198496.3628313914
47,27.0,83.0,3.0,72.0,72.0,69.0,72.0,72.0,72.0,69.0,73.0,73.0,73.0,71.0,77.0,77.0,77.0,71.0,81.0,81.0,81.0,81.0,75.0,1.0,0.0,1.0,10127495.972728595
48,29.0,72.0,3.0,68.0,68.0,71.0,70.0,70.0,70.0,71.0,71.0,71.0,71.0,71.0,70.0,70.0,70.0,71.0,70.0,68.0,68.0,68.0,71.0,3.0,0.0,0.0,5724276.324673045
49,29.0,74.0,3.0,70.0,70.0,73.0,72.0,72.0,72.0,73.0,73.0,73.0,73.0,72.0,68.0,68.0,68.0,74.0,55.0,47.0,47.0,47.0,55.0,1.0,0.0,1.0,4213728.545005042
50,27.0,72.0,2.0,43.0,43.0,39.0,40.0,40.0,40.0,39.0,43.0,43.0,43.0,44.0,53.0,53.0,53.0,44.0,67.0,70.0,70.0,70.0,64.0,3.0,0.0,1.0,3799452.840759497
51,19.0,75.0,3.0,74.0,76.0,72.0,72.0,72.0,72.0,72.0,70.0,70.0,70.0,70.0,63.0,63.0,63.0,70.0,53.0,51.0,51.0,51.0,54.0,1.0,0.0,0.0,7928561.1296162605
52,29.0,67.0,2.0,58.0,58.0,62.0,60.0,60.0,60.0,62.0,61.0,61.0,61.0,64.0,61.0,61.0,61.0,64.0,63.0,60.0,60.0,60.0,65.0,2.0,1.0,0.0,1213540.106817577
53,25.0,69.0,2.0,42.0,42.0,42.0,41.0,41.0,41.0,42.0,44.0,44.0,44.0,47.0,52.0,52.0,52.0,47.0,63.0,68.0,68.0,68.0,62.0,9.0,0.0,1.0,3427737.1120568365
54,20.0,57.0,3.0,49.0,49.0,57.0,54.0,54.0,54.0,57.0,53.0,53.0,53.0,55.0,48.0,48.0,48.0,55.0,45.0,42.0,42.0,42.0,49.0,1.0,1.0,0.0,202237.47151784226
55,21.0,57.0,2.0,56.0,56.0,54.0,54.0,54.0,54.0,54.0,52.0,52.0,52.0,52.0,44.0,44.0,44.0,52.0,35.0,34.0,34.0,34.0,38.0,1.0,0.0,1.0,-1228899.2857545018
56,20.0,56.0,2.0,43.0,43.0,49.0,46.0,46.0,46.0,49.0,47.0,47.0,47.0,50.0,46.0,46.0,46.0,50.0,50.0,52.0,52.0,52.0,54.0,1.0,1.0,0.0,-1765171.954681132
57,25.0,65.0,1.0,64.0,64.0,63.0,62.0,62.0,62.0,63.0,61.0,61.0,61.0,61.0,58.0,58.0,58.0,61.0,62.0,64.0,64.0,64.0,64.0,1.0,0.0,1.0,1797877.8334207945
58,21.0,53.0,2.0,41.0,41.0,42.0,41.0,41.0,41.0,42.0,43.0,43.0,43.0,45.0,47.0,47.0,47.0,45.0,52.0,51.0,51.0,51.0,53.0,2.0,0.0,1.0,-3369166.4889505953
59,22.0,71.0,3.0,62.0,62.0,68.0,66.0,66.0,66.0,68.0,67.0,67.0,67.0,69.0,68.0,68.0,68.0,69.0,68.0,65.0,65.0,65.0,69.0,7.0,1.0,0.0,6805236.74274376
60,35.0,67.0,3.0,61.0,61.0,65.0,64.0,64.0,64.0,65.0,66.0,66.0,66.0,66.0,65.0,65.0,65.0,66.0,62.0,57.0,57.0,57.0,61.0,2.0,1.0,0.0,1200012.4993598126
61,22.0,67.0,3.0,61.0,61.0,65.0,64.0,64.0,64.0,65.0,65.0,65.0,65.0,65.0,66.0,66.0,66.0,65.0,65.0,62.0,62.0,62.0,64.0,5.0,0.0,1.0,4796517.634368975
62,21.0,59.0,2.0,46.0,46.0,50.0,49.0,49.0,49.0,50.0,52.0,52.0,52.0,53.0,55.0,55.0,55.0,53.0,58.0,55.0,55.0,55.0,55.0,5.0,0.0,1.0,-760629.322717037
63,20.0,57.0,2.0,52.0,52.0,56.0,55.0,55.0,55.0,56.0,55.0,55.0,55.0,56.0,52.0,52.0,52.0,56.0,46.0,42.0,42.0,42.0,48.0,3.0,1.0,0.0,-1049261.156544596
64,23.0,66.0,1.0,64.0,64.0,63.0,62.0,62.0,62.0,63.0,61.0,61.0,61.0,61.0,58.0,58.0,58.0,61.0,62.0,64.0,64.0,64.0,64.0,3.0,0.0,1.0,3117507.152121775
65,23.0,71.0,3.0,70.0,70.0,68.0,69.0,69.0,69.0,68.0,66.0,66.0,66.0,67.0,60.0,60.0,60.0,67.0,46.0,40.0,40.0,40.0,44.0,7.0,1.0,0.0,5537594.9623207
66,24.0,60.0,2.0,55.0,55.0,59.0,58.0,58.0,58.0,59.0,59.0,59.0,59.0,59.0,58.0,58.0,58.0,59.0,54.0,51.0,51.0,51.0,55.0,6.0,1.0,0.0,508541.3501008265
67,22.0,74.0,3.0,69.0,69.0,72.0,71.0,71.0,71.0,72.0,72.0,72.0,72.0,71.0,69.0,69.0,69.0,71.0,61.0,55.0,55.0,55.0,60.0,5.0,1.0,0.0,7659599.858459789
68,25.0,64.0,3.0,58.0,58.0,65.0,62.0,62.0,62.0,65.0,64.0,64.0,64.0,66.0,64.0,64.0,64.0,66.0,62.0,56.0,56.0,56.0,64.0,2.0,0.0,1.0,1609832.438585326
69,26.0,71.0,2.0,44.0,44.0,41.0,41.0,41.0,41.0,41.0,42.0,42.0,42.0,44.0,49.0,49.0,49.0,44.0,64.0,70.0,70.0,72.0,62.0,3.0,1.0,0.0,4409600.973745603
70,22.0,65.0,3.0,62.0,62.0,64.0,63.0,63.0,63.0,64.0,62.0,62.0,62.0,63.0,56.0,56.0,56.0,65.0,47.0,42.0,42.0,42.0,48.0,1.0,1.0,0.0,2168372.736258995
71,21.0,62.0,2.0,43.0,43.0,42.0,42.0,42.0,42.0,42.0,42.0,42.0,42.0,44.0,45.0,45.0,45.0,44.0,55.0,61.0,61.0,61.0,57.0,3.0,0.0,1.0,1672789.8538757972
72,19.0,72.0,3.0,54.0,54.0,58.0,57.0,57.0,57.0,58.0,60.0,60.0,60.0,63.0,66.0,66.0,66.0,63.0,71.0,70.0,70.0,72.0,69.0,3.0,1.0,0.0,5832974.457405321
73,25.0,70.0,2.0,57.0,57.0,61.0,59.0,59.0,59.0,61.0,59.0,59.0,59.0,63.0,60.0,60.0,60.0,63.0,63.0,64.0,64.0,64.0,68.0,3.0,1.0,0.0,3699222.8509712256
74,26.0,62.0,2.0,54.0,54.0,57.0,56.0,56.0,56.0,57.0,58.0,58.0,58.0,58.0,59.0,59.0,59.0,58.0,60.0,58.0,58.0,58.0,60.0,3.0,1.0,0.0,415121.7449623421
75,26.0,65.0,3.0,58.0,58.0,63.0,61.0,61.0,61.0,63.0,60.0,60.0,60.0,64.0,59.0,59.0,59.0,64.0,57.0,53.0,53.0,53.0,59.0,1.0,0.0,1.0,1131495.7198951766
76,27.0,73.0,3.0,71.0,71.0,72.0,73.0,73.0,73.0,72.0,71.0,71.0,71.0,70.0,64.0,64.0,64.0,70.0,49.0,43.0,43.0,43.0,50.0,8.0,0.0,1.0,6879821.665661182
77,30.0,67.0,3.0,65.0,65.0,65.0,65.0,65.0,65.0,65.0,64.0,64.0,64.0,65.0,62.0,62.0,62.0,65.0,55.0,51.0,51.0,51.0,52.0,2.0,0.0,0.0,1088099.2388556823
78,22.0,73.0,3.0,68.0,68.0,72.0,71.0,71.0,71.0,72.0,72.0,72.0,72.0,72.0,70.0,70.0,70.0,72.0,66.0,60.0,60.0,60.0,65.0,5.0,1.0,0.0,7461323.237532288
79,22.0,74.0,3.0,60.0,60.0,66.0,64.0,64.0,64.0,66.0,66.0,66.0,66.0,69.0,68.0,68.0,68.0,69.0,71.0,70.0,70.0,70.0,74.0,5.0,1.0,0.0,7548896.416251697
80,18.0,61.0,2.0,57.0,57.0,58.0,59.0,59.0,59.0,58.0,60.0,60.0,60.0,57.0,59.0,59.0,59.0,57.0,58.0,56.0,56.0,56.0,55.0,2.0,0.0,1.0,2059534.3331303224
81,31.0,70.0,2.0,63.0,63.0,62.0,61.0,61.0,61.0,62.0,61.0,61.0,61.0,63.0,62.0,62.0,62.0,63.0,67.0,70.0,70.0,70.0,69.0,2.0,0.0,0.0,2758750.011454761
82,21.0,62.0,3.0,55.0,55.0,58.0,56.0,56.0,56.0,58.0,55.0,55.0,55.0,59.0,55.0,55.0,55.0,59.0,57.0,58.0,58.0,58.0,60.0,3.0,0.0,1.0,1940874.878094796
83,21.0,66.0,2.0,51.0,51.0,55.0,53.0,53.0,53.0,55.0,54.0,54.0,54.0,56.0,55.0,55.0,55.0,56.0,61.0,64.0,64.0,64.0,63.0,3.0,1.0,0.0,3144984.0136426985
84,27.0,72.0,3.0,63.0,63.0,66.0,66.0,66.0,66.0,66.0,68.0,68.0,68.0,67.0,73.0,71.0,71.0,67.0,75.0,70.0,70.0,70.0,70.0,1.0,0.0,1.0,4514669.906484507
85,29.0,63.0,3.0,58.0,58.0,62.0,60.0,60.0,60.0,62.0,60.0,60.0,60.0,62.0,54.0,54.0,54.0,62.0,43.0,36.0,36.0,36.0,46.0,1.0,0.0,1.0,-584962.1654602736
86,21.0,61.0,2.0,53.0,53.0,53.0,54.0,54.0,54.0,53.0,55.0,55.0,55.0,55.0,57.0,57.0,57.0,55.0,60.0,60.0,60.0,60.0,58.0,2.0,0.0,1.0,571088.889622692
87,24.0,62.0,2.0,54.0,54.0,57.0,57.0,57.0,57.0,57.0,58.0,58.0,58.0,58.0,60.0,60.0,60.0,58.0,63.0,62.0,62.0,62.0,62.0,1.0,0.0,1.0,391940.0997957736
88,20.0,63.0,3.0,57.0,57.0,60.0,59.0,59.0,59.0,60.0,61.0,61.0,61.0,61.0,61.0,61.0,61.0,61.0,62.0,60.0,60.0,60.0,59.0,4.0,0.0,1.0,2904869.2686777264
89,24.0,64.0,2.0,51.0,51.0,51.0,50.0,50.0,50.0,51.0,50.0,50.0,50.0,52.0,53.0,53.0,53.0,52.0,59.0,62.0,62.0,62.0,59.0,10.0,1.0,0.0,3227267.8645812273
90,19.0,60.0,1.0,64.0,64.0,63.0,62.0,62.0,62.0,63.0,61.0,61.0,61.0,61.0,58.0,58.0,58.0,61.0,62.0,64.0,64.0,64.0,64.0,2.0,1.0,0.0,1522924.3145155385
91,20.0,68.0,3.0,66.0,66.0,65.0,67.0,67.0,67.0,65.0,64.0,64.0,64.0,62.0,55.0,55.0,55.0,62.0,43.0,43.0,43.0,43.0,45.0,1.0,0.0,1.0,5455130.287963167
92,29.0,59.0,2.0,54.0,54.0,55.0,54.0,54.0,54.0,55.0,56.0,56.0,56.0,56.0,57.0,57.0,57.0,56.0,57.0,54.0,54.0,54.0,56.0,1.0,0.0,1.0,-2440326.92509814
93,24.0,64.0,1.0,64.0,64.0,63.0,62.0,62.0,62.0,63.0,61.0,61.0,61.0,61.0,58.0,58.0,58.0,61.0,62.0,64.0,64.0,64.0,64.0,10.0,0.0,1.0,3940140.9367056675
94,23.0,70.0,3.0,64.0,64.0,72.0,68.0,68.0,68.0,70.0,68.0,68.0,68.0,69.0,64.0,64.0,64.0,69.0,53.0,46.0,46.0,46.0,53.0,2.0,1.0,0.0,4292195.8768763095
95,20.0,67.0,2.0,45.0,45.0,39.0,41.0,41.0,41.0,39.0,42.0,42.0,42.0,42.0,48.0,48.0,48.0,42.0,60.0,65.0,65.0,65.0,58.0,6.0,0.0,1.0,4915549.225461442
96,26.0,74.0,2.0,57.0,57.0,60.0,60.0,60.0,60.0,60.0,62.0,62.0,62.0,63.0,66.0,66.0,66.0,63.0,71.0,73.0,73.0,73.0,70.0,3.0,1.0,0.0,5011272.9322270155
97,20.0,69.0,3.0,67.0,67.0,65.0,64.0,64.0,64.0,65.0,61.0,61.0,61.0,63.0,52.0,52.0,52.0,63.0,39.0,39.0,39.0,39.0,41.0,3.0,0.0,0.0,4197256.23919915
98,25.0,79.0,4.0,75.0,75.0,77.0,77.0,77.0,77.0,77.0,77.0,77.0,77.0,79.0,71.0,71.0,71.0,77.0,60.0,54.0,54.0,54.0,58.0,5.0,0.0,1.0,8947257.502065696
99,22.0,52.0,2.0,50.0,50.0,47.0,49.0,49.0,49.0,47.0,47.0,47.0,47.0,45.0,42.0,42.0,42.0,45.0,35.0,34.0,34.0,34.0,34.0,2.0,1.0,0.0,-2903687.920403447
100,19.0,50.0,2.0,34.0,34.0,31.0,31.0,31.0,31.0,31.0,30.0,30.0,30.0,33.0,32.0,32.0,32.0,33.0,42.0,48.0,48.0,48.0,46.0,4.0,0.0,1.0,-2633185.247072194
101,19.0,64.0,3.0,56.0,56.0,64.0,61.0,61.0,61.0,64.0,61.0,61.0,61.0,63.0,53.0,53.0,53.0,63.0,42.0,36.0,36.0,36.0,46.0,5.0,0.0,1.0,3023763.833985176
102,27.0,71.0,3.0,69.0,69.0,69.0,71.0,71.0,71.0,69.0,71.0,71.0,71.0,70.0,70.0,70.0,70.0,70.0,64.0,59.0,59.0,59.0,61.0,3.0,0.0,1.0,4833700.850343596
103,27.0,74.0,3.0,60.0,60.0,66.0,64.0,64.0,64.0,66.0,65.0,65.0,65.0,68.0,67.0,67.0,67.0,68.0,71.0,70.0,70.0,70.0,74.0,5.0,0.0,1.0,6693990.826531041
104,18.0,53.0,2.0,36.0,36.0,34.0,34.0,34.0,34.0,34.0,34.0,34.0,34.0,36.0,37.0,37.0,37.0,36.0,46.0,51.0,51.0,51.0,47.0,4.0,0.0,1.0,-1690120.9108643644
105,30.0,72.0,1.0,64.0,64.0,63.0,62.0,62.0,62.0,63.0,61.0,61.0,61.0,61.0,58.0,58.0,58.0,61.0,62.0,64.0,64.0,64.0,64.0,6.0,0.0,1.0,4802659.966578297
106,28.0,66.0,3.0,55.0,55.0,61.0,58.0,58.0,58.0,61.0,59.0,59.0,59.0,62.0,59.0,59.0,59.0,62.0,62.0,62.0,62.0,62.0,64.0,2.0,0.0,1.0,1902537.7687289193
107,26.0,64.0,2.0,40.0,40.0,37.0,37.0,37.0,37.0,37.0,37.0,37.0,37.0,39.0,41.0,41.0,41.0,39.0,54.0,62.0,62.0,64.0,56.0,4.0,1.0,0.0,2418175.2491844
108,29.0,70.0,3.0,66.0,66.0,69.0,67.0,67.0,67.0,69.0,66.0,66.0,66.0,68.0,60.0,60.0,60.0,68.0,52.0,48.0,48.0,48.0,55.0,1.0,0.0,1.0,3117565.9486111775
109,22.0,65.0,3.0,51.0,51.0,55.0,53.0,53.0,53.0,55.0,52.0,52.0,52.0,56.0,53.0,53.0,53.0,58.0,59.0,64.0,64.0,64.0,64.0,3.0,0.0,1.0,3252222.5559299737
110,22.0,52.0,2.0,48.0,48.0,49.0,48.0,48.0,48.0,49.0,48.0,48.0,48.0,50.0,48.0,48.0,48.0,50.0,51.0,53.0,53.0,53.0,54.0,4.0,0.0,1.0,-2652878.6964139603
111,31.0,70.0,3.0,69.0,69.0,70.0,70.0,70.0,70.0,70.0,69.0,71.0,69.0,70.0,65.0,65.0,65.0,70.0,57.0,54.0,54.0,54.0,57.0,3.0,0.0,1.0,2095226.1702503152
112,25.0,57.0,2.0,49.0,49.0,56.0,53.0,53.0,53.0,56.0,55.0,55.0,55.0,56.0,51.0,51.0,51.0,56.0,44.0,37.0,37.0,37.0,45.0,2.0,1.0,0.0,-3102069.084282052
113,22.0,63.0,1.0,64.0,64.0,63.0,62.0,62.0,62.0,63.0,61.0,61.0,61.0,61.0,58.0,58.0,58.0,61.0,62.0,64.0,64.0,64.0,64.0,4.0,1.0,0.0,2597588.3838367946
114,27.0,68.0,2.0,53.0,53.0,54.0,53.0,53.0,53.0,54.0,55.0,55.0,55.0,57.0,60.0,60.0,60.0,57.0,66.0,68.0,68.0,68.0,66.0,3.0,1.0,0.0,2089096.4813040867
115,17.0,51.0,3.0,48.0,48.0,52.0,50.0,50.0,50.0,52.0,52.0,52.0,52.0,52.0,49.0,49.0,49.0,52.0,46.0,44.0,44.0,44.0,47.0,2.0,1.0,0.0,-1742643.537177477
116,26.0,68.0,3.0,64.0,64.0,65.0,64.0,64.0,64.0,65.0,65.0,65.0,65.0,67.0,66.0,66.0,66.0,67.0,66.0,64.0,64.0,64.0,68.0,3.0,0.0,0.0,3775815.390437916
117,22.0,71.0,2.0,55.0,55.0,53.0,54.0,54.0,54.0,53.0,54.0,54.0,54.0,56.0,57.0,57.0,57.0,56.0,65.0,71.0,69.0,69.0,64.0,9.0,1.0,0.0,4351976.094396081
118,18.0,53.0,2.0,48.0,48.0,50.0,50.0,50.0,50.0,50.0,51.0,51.0,51.0,52.0,51.0,51.0,51.0,52.0,52.0,52.0,52.0,52.0,50.0,3.0,0.0,1.0,-2705562.5644935407
119,21.0,55.0,2.0,35.0,35.0,31.0,31.0,31.0,31.0,31.0,30.0,30.0,30.0,31.0,31.0,31.0,31.0,31.0,42.0,53.0,53.0,53.0,44.0,2.0,0.0,1.0,-1159246.6926230341
120,26.0,78.0,4.0,70.0,70.0,78.0,76.0,76.0,76.0,78.0,78.0,78.0,78.0,79.0,77.0,77.0,77.0,79.0,75.0,70.0,70.0,70.0,76.0,3.0,0.0,1.0,9291738.004208714
121,32.0,73.0,2.0,50.0,50.0,48.0,48.0,48.0,48.0,48.0,49.0,49.0,49.0,50.0,54.0,54.0,54.0,50.0,66.0,72.0,72.0,74.0,64.0,2.0,0.0,1.0,3823867.2643111423
122,28.0,70.0,3.0,69.0,69.0,70.0,69.0,69.0,69.0,70.0,66.0,66.0,66.0,70.0,59.0,59.0,59.0,68.0,47.0,42.0,42.0,42.0,49.0,1.0,0.0,1.0,2465026.09648598
123,31.0,67.0,1.0,64.0,64.0,63.0,62.0,62.0,62.0,63.0,61.0,61.0,61.0,61.0,58.0,58.0,58.0,61.0,62.0,64.0,64.0,64.0,64.0,3.0,0.0,1.0,1864749.6783904955
124,24.0,72.0,3.0,65.0,65.0,71.0,69.0,69.0,69.0,71.0,69.0,69.0,69.0,71.0,68.0,68.0,68.0,71.0,67.0,65.0,65.0,65.0,71.0,2.0,0.0,1.0,6137950.556429513
125,20.0,58.0,2.0,44.0,44.0,47.0,44.0,44.0,44.0,47.0,45.0,45.0,45.0,49.0,48.0,48.0,48.0,49.0,53.0,56.0,56.0,56.0,56.0,3.0,0.0,1.0,-1349608.021422144
126,30.0,69.0,3.0,58.0,58.0,63.0,61.0,61.0,61.0,63.0,62.0,62.0,62.0,65.0,63.0,63.0,63.0,65.0,66.0,63.0,63.0,63.0,68.0,6.0,0.0,1.0,4028554.6651726514
127,40.0,70.0,3.0,59.0,59.0,61.0,62.0,62.0,62.0,61.0,65.0,65.0,65.0,61.0,67.0,67.0,67.0,61.0,69.0,68.0,68.0,68.0,62.0,3.0,0.0,1.0,2258331.3118983693
128,28.0,74.0,2.0,46.0,46.0,41.0,42.0,42.0,42.0,41.0,42.0,42.0,42.0,43.0,48.0,48.0,48.0,43.0,64.0,73.0,73.0,75.0,62.0,8.0,0.0,1.0,7094375.509768877
129,25.0,75.0,3.0,73.0,73.0,75.0,75.0,75.0,75.0,75.0,74.0,74.0,74.0,75.0,72.0,72.0,72.0,75.0,64.0,58.0,58.0,58.0,64.0,4.0,0.0,1.0,6864323.679945674
130,21.0,65.0,3.0,59.0,59.0,60.0,61.0,61.0,61.0,60.0,62.0,62.0,62.0,62.0,64.0,64.0,64.0,62.0,64.0,62.0,62.0,62.0,60.0,3.0,1.0,0.0,3286734.1765317917
131,28.0,78.0,4.0,74.0,74.0,76.0,76.0,76.0,76.0,76.0,76.0,76.0,76.0,77.0,75.0,75.0,75.0,77.0,74.0,72.0,72.0,72.0,75.0,2.0,0.0,1.0,9244128.878424942
132,27.0,68.0,2.0,46.0,46.0,49.0,47.0,47.0,47.0,49.0,50.0,50.0,50.0,51.0,54.0,54.0,54.0,51.0,63.0,66.0,66.0,66.0,64.0,4.0,1.0,0.0,2974029.5653014183
133,22.0,60.0,2.0,40.0,40.0,40.0,39.0,39.0,39.0,40.0,39.0,39.0,39.0,40.0,39.0,39.0,39.0,40.0,49.0,58.0,58.0,58.0,53.0,1.0,1.0,0.0,1003497.709799543
134,21.0,52.0,2.0,48.0,48.0,50.0,48.0,48.0,48.0,50.0,48.0,48.0,48.0,50.0,44.0,44.0,44.0,50.0,39.0,35.0,35.0,35.0,40.0,3.0,0.0,1.0,-4114956.3214497007
135,32.0,71.0,2.0,52.0,52.0,46.0,48.0,48.0,48.0,46.0,48.0,48.0,48.0,48.0,53.0,53.0,53.0,48.0,64.0,72.0,70.0,70.0,60.0,4.0,0.0,0.0,1185235.0225555263
136,34.0,59.0,2.0,56.0,56.0,57.0,57.0,57.0,57.0,57.0,58.0,58.0,58.0,58.0,60.0,60.0,60.0,58.0,59.0,56.0,56.0,56.0,58.0,4.0,0.0,1.0,-2587866.252654832
137,21.0,53.0,2.0,52.0,52.0,55.0,53.0,53.0,53.0,55.0,54.0,54.0,54.0,54.0,51.0,51.0,51.0,54.0,49.0,48.0,48.0,48.0,52.0,4.0,1.0,0.0,-1571603.141996473
138,27.0,65.0,2.0,51.0,51.0,55.0,52.0,52.0,52.0,55.0,53.0,53.0,53.0,56.0,55.0,55.0,55.0,56.0,62.0,64.0,64.0,64.0,64.0,4.0,0.0,1.0,1287900.3080659658
139,24.0,51.0,2.0,50.0,50.0,49.0,49.0,49.0,49.0,49.0,50.0,50.0,50.0,50.0,49.0,49.0,49.0,50.0,49.0,50.0,50.0,50.0,49.0,1.0,0.0,1.0,-4469922.166474439
140,21.0,61.0,2.0,47.0,47.0,54.0,51.0,51.0,51.0,54.0,51.0,51.0,51.0,56.0,51.0,51.0,51.0,56.0,55.0,56.0,56.0,56.0,60.0,1.0,0.0,1.0,-477802.41268981993
141,19.0,68.0,4.0,62.0,62.0,69.0,66.0,66.0,66.0,69.0,67.0,67.0,67.0,69.0,64.0,64.0,64.0,69.0,61.0,57.0,57.0,57.0,65.0,5.0,1.0,0.0,7276781.700512759
142,29.0,65.0,3.0,60.0,60.0,63.0,61.0,61.0,61.0,63.0,61.0,61.0,61.0,64.0,60.0,60.0,60.0,64.0,57.0,56.0,56.0,56.0,60.0,1.0,0.0,1.0,733113.1599449739
143,19.0,48.0,2.0,46.0,46.0,42.0,44.0,44.0,44.0,42.0,42.0,42.0,42.0,41.0,39.0,39.0,39.0,41.0,37.0,40.0,40.0,40.0,36.0,1.0,0.0,1.0,-4377547.369986728
144,21.0,64.0,2.0,48.0,48.0,51.0,51.0,51.0,51.0,51.0,54.0,54.0,54.0,54.0,57.0,57.0,59.0,54.0,62.0,63.0,63.0,63.0,61.0,1.0,0.0,1.0,711968.6103714481
145,26.0,78.0,4.0,75.0,75.0,76.0,75.0,75.0,75.0,76.0,74.0,74.0,74.0,76.0,73.0,73.0,73.0,78.0,73.0,73.0,73.0,73.0,75.0,5.0,0.0,1.0,10095280.887330487
146,25.0,87.0,2.0,70.0,70.0,69.0,69.0,69.0,69.0,69.0,69.0,69.0,69.0,70.0,73.0,73.0,73.0,70.0,81.0,87.0,84.0,84.0,81.0,7.0,0.0,1.0,9643759.88577982
147,26.0,69.0,3.0,66.0,66.0,68.0,67.0,67.0,67.0,68.0,66.0,66.0,66.0,70.0,60.0,60.0,60.0,68.0,50.0,46.0,46.0,46.0,51.0,4.0,1.0,0.0,2988964.3253146075
148,18.0,61.0,2.0,53.0,53.0,53.0,53.0,53.0,53.0,53.0,54.0,54.0,54.0,55.0,56.0,56.0,56.0,55.0,59.0,60.0,60.0,60.0,58.0,3.0,1.0,0.0,1295597.7768620215
149,17.0,55.0,3.0,49.0,49.0,54.0,53.0,53.0,53.0,54.0,54.0,54.0,54.0,54.0,49.0,49.0,49.0,54.0,41.0,35.0,35.0,35.0,42.0,2.0,1.0,0.0,-481619.7914334871
150,22.0,66.0,3.0,63.0,63.0,66.0,64.0,64.0,64.0,66.0,64.0,64.0,64.0,65.0,58.0,58.0,58.0,65.0,48.0,42.0,42.0,42.0,49.0,4.0,1.0,0.0,3387874.593018517
151,30.0,72.0,3.0,64.0,64.0,65.0,64.0,64.0,64.0,65.0,63.0,63.0,63.0,67.0,63.0,63.0,63.0,67.0,67.0,70.0,70.0,70.0,73.0,1.0,0.0,1.0,4890750.13543044
152,35.0,68.0,3.0,61.0,61.0,65.0,65.0,65.0,65.0,65.0,66.0,66.0,66.0,65.0,62.0,62.0,62.0,65.0,51.0,45.0,45.0,45.0,51.0,3.0,1.0,0.0,1472382.4284542724
153,29.0,64.0,3.0,61.0,61.0,63.0,62.0,62.0,62.0,63.0,62.0,62.0,62.0,63.0,58.0,58.0,58.0,63.0,49.0,44.0,44.0,44.0,47.0,6.0,0.0,1.0,812784.3989559375
154,17.0,63.0,2.0,56.0,56.0,58.0,58.0,58.0,58.0,58.0,59.0,59.0,59.0,59.0,60.0,60.0,60.0,59.0,61.0,60.0,60.0,60.0,60.0,2.0,1.0,0.0,2445074.5701711215
155,23.0,63.0,2.0,39.0,39.0,36.0,36.0,36.0,36.0,36.0,36.0,36.0,36.0,38.0,41.0,41.0,41.0,38.0,54.0,64.0,62.0,62.0,55.0,4.0,0.0,1.0,-334924.03795174137
156,29.0,65.0,3.0,56.0,56.0,61.0,59.0,59.0,59.0,61.0,60.0,60.0,60.0,63.0,61.0,61.0,61.0,63.0,62.0,59.0,59.0,59.0,66.0,7.0,0.0,1.0,2890894.340021059
157,32.0,64.0,1.0,64.0,64.0,63.0,62.0,62.0,62.0,63.0,61.0,61.0,61.0,61.0,58.0,58.0,58.0,61.0,62.0,64.0,64.0,64.0,64.0,5.0,0.0,1.0,1002750.7617530301
158,26.0,72.0,2.0,58.0,58.0,51.0,53.0,53.0,53.0,51.0,52.0,52.0,52.0,53.0,56.0,56.0,56.0,53.0,66.0,72.0,70.0,70.0,63.0,3.0,0.0,1.0,2861254.4004609548
159,27.0,78.0,3.0,71.0,71.0,69.0,72.0,72.0,72.0,69.0,73.0,73.0,73.0,71.0,76.0,76.0,76.0,71.0,79.0,78.0,78.0,78.0,75.0,1.0,0.0,1.0,8481582.48518429
160,22.0,70.0,3.0,64.0,64.0,64.0,66.0,66.0,66.0,64.0,67.0,67.0,67.0,65.0,70.0,68.0,68.0,65.0,68.0,65.0,65.0,65.0,64.0,1.0,0.0,0.0,4890261.782513563
161,28.0,66.0,2.0,51.0,51.0,51.0,51.0,51.0,51.0,51.0,51.0,51.0,51.0,53.0,54.0,54.0,54.0,53.0,61.0,65.0,65.0,65.0,60.0,3.0,0.0,1.0,1142627.5416450426
162,23.0,68.0,1.0,64.0,64.0,63.0,62.0,62.0,62.0,63.0,61.0,61.0,61.0,61.0,58.0,58.0,58.0,61.0,62.0,64.0,64.0,64.0,64.0,4.0,0.0,1.0,4158735.298958175
163,25.0,72.0,2.0,58.0,58.0,52.0,53.0,53.0,53.0,52.0,52.0,52.0,52.0,54.0,56.0,56.0,56.0,54.0,65.0,72.0,70.0,70.0,65.0,5.0,0.0,1.0,3503095.1640235446
164,36.0,65.0,2.0,63.0,63.0,62.0,61.0,61.0,61.0,62.0,60.0,60.0,60.0,60.0,56.0,56.0,56.0,60.0,49.0,51.0,51.0,51.0,50.0,1.0,0.0,1.0,-1456684.558800958
165,33.0,70.0,1.0,64.0,64.0,63.0,62.0,62.0,62.0,63.0,61.0,61.0,61.0,61.0,58.0,58.0,58.0,61.0,62.0,64.0,64.0,64.0,64.0,10.0,0.0,1.0,4438272.296611685
166,22.0,59.0,2.0,48.0,48.0,51.0,48.0,48.0,48.0,51.0,49.0,49.0,49.0,53.0,50.0,50.0,50.0,53.0,55.0,58.0,58.0,58.0,59.0,2.0,0.0,1.0,-1111763.2152359337
167,25.0,68.0,3.0,60.0,60.0,63.0,61.0,61.0,61.0,63.0,61.0,61.0,61.0,64.0,61.0,61.0,61.0,64.0,64.0,65.0,65.0,65.0,67.0,12.0,0.0,1.0,6511515.754679099
168,29.0,68.0,2.0,54.0,54.0,60.0,57.0,57.0,57.0,60.0,56.0,56.0,56.0,62.0,57.0,57.0,57.0,62.0,61.0,60.0,60.0,60.0,67.0,4.0,0.0,1.0,1769893.1808552071
169,35.0,74.0,3.0,67.0,67.0,72.0,71.0,71.0,71.0,72.0,72.0,72.0,74.0,72.0,67.0,67.0,67.0,72.0,53.0,44.0,44.0,44.0,52.0,3.0,0.0,1.0,3812903.1637238674
170,25.0,80.0,1.0,64.0,64.0,63.0,62.0,62.0,62.0,63.0,61.0,61.0,61.0,61.0,58.0,58.0,58.0,61.0,62.0,64.0,64.0,64.0,64.0,8.0,0.0,1.0,9477753.53160464
171,20.0,58.0,1.0,64.0,64.0,63.0,62.0,62.0,62.0,63.0,61.0,61.0,61.0,61.0,58.0,58.0,58.0,61.0,62.0,64.0,64.0,64.0,64.0,5.0,0.0,1.0,1121132.9558696076
172,21.0,59.0,1.0,64.0,64.0,63.0,62.0,62.0,62.0,63.0,61.0,61.0,61.0,61.0,58.0,58.0,58.0,61.0,62.0,64.0,64.0,64.0,64.0,4.0,0.0,1.0,1048236.3020125553
173,26.0,67.0,2.0,54.0,54.0,55.0,54.0,54.0,54.0,55.0,54.0,54.0,54.0,58.0,57.0,57.0,57.0,58.0,63.0,65.0,65.0,65.0,64.0,1.0,1.0,0.0,1201484.5240160674
174,29.0,64.0,1.0,64.0,64.0,63.0,62.0,62.0,62.0,63.0,61.0,61.0,61.0,61.0,58.0,58.0,58.0,61.0,62.0,64.0,64.0,64.0,64.0,1.0,0.0,0.0,504801.13455350325
175,27.0,70.0,3.0,52.0,52.0,60.0,56.0,56.0,56.0,60.0,58.0,58.0,58.0,62.0,59.0,59.0,59.0,62.0,64.0,63.0,63.0,63.0,68.0,3.0,0.0,1.0,3927825.847941518
176,19.0,52.0,2.0,49.0,49.0,50.0,50.0,50.0,50.0,50.0,50.0,50.0,50.0,52.0,51.0,51.0,51.0,52.0,51.0,50.0,50.0,50.0,51.0,4.0,1.0,0.0,-2816187.876147587
177,31.0,59.0,2.0,56.0,56.0,57.0,56.0,56.0,56.0,57.0,57.0,57.0,57.0,57.0,59.0,57.0,57.0,57.0,60.0,60.0,60.0,60.0,59.0,4.0,0.0,1.0,-2040820.9470845982
178,23.0,70.0,3.0,64.0,64.0,70.0,68.0,68.0,68.0,70.0,68.0,68.0,68.0,71.0,63.0,63.0,63.0,69.0,55.0,51.0,51.0,51.0,56.0,3.0,0.0,1.0,4021611.9274918027
179,18.0,62.0,3.0,59.0,59.0,61.0,60.0,60.0,60.0,61.0,61.0,61.0,61.0,61.0,60.0,60.0,60.0,61.0,60.0,59.0,59.0,59.0,60.0,4.0,0.0,1.0,3654894.9873549826
180,30.0,78.0,3.0,70.0,70.0,73.0,73.0,73.0,73.0,73.0,75.0,75.0,75.0,75.0,76.0,76.0,76.0,73.0,73.0,67.0,67.0,67.0,69.0,7.0,0.0,1.0,7807431.411299944
181,24.0,70.0,3.0,57.0,57.0,61.0,61.0,61.0,61.0,61.0,64.0,64.0,64.0,64.0,68.0,68.0,68.0,64.0,71.0,66.0,66.0,66.0,66.0,1.0,0.0,1.0,3852047.5732279047
182,19.0,64.0,3.0,62.0,62.0,60.0,62.0,62.0,62.0,60.0,61.0,61.0,61.0,59.0,54.0,54.0,54.0,59.0,41.0,36.0,36.0,36.0,40.0,3.0,1.0,0.0,3595879.4744494706
183,22.0,57.0,2.0,37.0,37.0,34.0,35.0,35.0,35.0,34.0,34.0,34.0,34.0,36.0,37.0,37.0,37.0,36.0,48.0,56.0,56.0,58.0,50.0,5.0,1.0,0.0,508173.9743460268
184,33.0,57.0,1.0,64.0,64.0,63.0,62.0,62.0,62.0,63.0,61.0,61.0,61.0,61.0,58.0,58.0,58.0,61.0,62.0,64.0,64.0,64.0,64.0,13.0,0.0,0.0,47882.044362369925
185,22.0,65.0,2.0,63.0,63.0,65.0,66.0,66.0,68.0,65.0,65.0,65.0,65.0,65.0,60.0,60.0,60.0,65.0,45.0,37.0,37.0,37.0,45.0,1.0,0.0,1.0,-20882.931968800724
186,30.0,77.0,4.0,66.0,66.0,76.0,74.0,74.0,74.0,76.0,76.0,78.0,76.0,75.0,69.0,69.0,69.0,75.0,51.0,37.0,37.0,37.0,52.0,3.0,1.0,0.0,5825477.062775336
187,26.0,63.0,2.0,45.0,45.0,46.0,45.0,45.0,45.0,46.0,48.0,48.0,48.0,48.0,52.0,52.0,52.0,48.0,59.0,62.0,64.0,62.0,56.0,5.0,0.0,1.0,2187917.3087424226
188,19.0,60.0,1.0,64.0,64.0,63.0,62.0,62.0,62.0,63.0,61.0,61.0,61.0,61.0,58.0,58.0,58.0,61.0,62.0,64.0,64.0,64.0,64.0,1.0,1.0,0.0,1264253.5083370581
189,31.0,77.0,3.0,66.0,66.0,70.0,70.0,70.0,70.0,70.0,72.0,72.0,72.0,72.0,75.0,77.0,75.0,72.0,80.0,76.0,76.0,76.0,75.0,3.0,0.0,0.0,7415523.334675718
190,18.0,56.0,2.0,54.0,54.0,51.0,53.0,53.0,53.0,51.0,51.0,51.0,51.0,49.0,44.0,44.0,44.0,49.0,33.0,32.0,32.0,32.0,35.0,1.0,1.0,0.0,-557379.3485856391
191,20.0,61.0,2.0,43.0,43.0,41.0,41.0,41.0,41.0,41.0,40.0,40.0,40.0,42.0,42.0,42.0,42.0,42.0,53.0,59.0,59.0,59.0,54.0,3.0,0.0,1.0,1668712.68282469
192,28.0,63.0,2.0,42.0,42.0,39.0,41.0,41.0,41.0,39.0,42.0,42.0,42.0,42.0,47.0,47.0,47.0,42.0,57.0,63.0,61.0,61.0,52.0,2.0,0.0,1.0,-2522150.6550582945
193,27.0,62.0,3.0,60.0,60.0,63.0,63.0,63.0,63.0,63.0,61.0,63.0,61.0,62.0,56.0,56.0,56.0,62.0,49.0,43.0,43.0,43.0,52.0,3.0,1.0,0.0,756575.6919513121
194,32.0,80.0,4.0,75.0,75.0,78.0,78.0,78.0,78.0,78.0,78.0,78.0,78.0,78.0,77.0,77.0,77.0,78.0,71.0,64.0,64.0,64.0,70.0,5.0,0.0,1.0,9435145.276536368
195,36.0,59.0,1.0,64.0,64.0,63.0,62.0,62.0,62.0,63.0,61.0,61.0,61.0,61.0,58.0,58.0,58.0,61.0,62.0,64.0,64.0,64.0,64.0,1.0,0.0,1.0,-2810343.8866358586
196,36.0,70.0,1.0,64.0,64.0,63.0,62.0,62.0,62.0,63.0,61.0,61.0,61.0,61.0,58.0,58.0,58.0,61.0,62.0,64.0,64.0,64.0,64.0,0.0,0.0,1.0,1235050.6808042936
197,34.0,69.0,3.0,63.0,63.0,61.0,63.0,63.0,63.0,61.0,64.0,64.0,64.0,62.0,68.0,66.0,66.0,62.0,68.0,68.0,68.0,68.0,63.0,0.0,0.0,0.0,1633887.7905734703
198,25.0,69.0,3.0,65.0,65.0,68.0,68.0,68.0,68.0,68.0,69.0,69.0,69.0,71.0,65.0,65.0,65.0,69.0,57.0,53.0,53.0,53.0,54.0,3.0,0.0,1.0,2701396.9979556985
199,37.0,70.0,3.0,63.0,63.0,68.0,67.0,67.0,67.0,68.0,68.0,70.0,68.0,68.0,66.0,66.0,66.0,68.0,60.0,55.0,55.0,55.0,57.0,9.0,0.0,0.0,1840014.0314620435
200,24.0,64.0,1.0,64.0,64.0,63.0,62.0,62.0,62.0,63.0,61.0,61.0,61.0,61.0,58.0,58.0,58.0,61.0,62.0,64.0,64.0,64.0,64.0,9.0,0.0,1.0,3681470.130527187
201,25.0,65.0,4.0,60.0,60.0,64.0,62.0,62.0,62.0,64.0,62.0,62.0,62.0,63.0,56.0,56.0,56.0,63.0,47.0,41.0,41.0,41.0,49.0,1.0,0.0,1.0,2912164.6773626953
202,20.0,62.0,2.0,41.0,41.0,40.0,40.0,40.0,40.0,40.0,41.0,41.0,41.0,44.0,46.0,46.0,46.0,44.0,56.0,61.0,61.0,61.0,56.0,3.0,1.0,0.0,867984.259149164
203,23.0,70.0,3.0,58.0,58.0,62.0,60.0,60.0,60.0,62.0,61.0,61.0,61.0,65.0,64.0,64.0,64.0,65.0,68.0,68.0,68.0,68.0,68.0,6.0,0.0,1.0,4882389.380582985
204,22.0,70.0,2.0,54.0,54.0,57.0,58.0,58.0,58.0,57.0,62.0,62.0,62.0,59.0,65.0,65.0,65.0,59.0,68.0,69.0,69.0,69.0,64.0,4.0,0.0,1.0,4758639.109997693
205,34.0,68.0,3.0,65.0,65.0,67.0,67.0,67.0,67.0,67.0,67.0,67.0,67.0,67.0,66.0,66.0,66.0,67.0,64.0,61.0,61.0,61.0,63.0,7.0,0.0,1.0,3565731.3171711043
206,20.0,65.0,2.0,49.0,49.0,51.0,50.0,50.0,50.0,51.0,53.0,53.0,53.0,54.0,59.0,57.0,57.0,54.0,63.0,65.0,65.0,65.0,61.0,4.0,1.0,0.0,1625448.883012399
207,30.0,71.0,2.0,55.0,55.0,59.0,58.0,58.0,58.0,59.0,59.0,59.0,59.0,62.0,62.0,62.0,62.0,62.0,69.0,71.0,71.0,71.0,70.0,6.0,0.0,1.0,3579999.403583359
208,23.0,66.0,3.0,63.0,63.0,65.0,64.0,64.0,64.0,65.0,64.0,64.0,64.0,66.0,61.0,61.0,61.0,64.0,57.0,55.0,55.0,55.0,58.0,8.0,0.0,1.0,4689860.913952757
209,20.0,68.0,3.0,57.0,57.0,63.0,60.0,60.0,60.0,63.0,61.0,61.0,61.0,64.0,62.0,62.0,62.0,64.0,63.0,63.0,63.0,63.0,66.0,4.0,0.0,1.0,4757322.213322941
210,21.0,76.0,3.0,70.0,70.0,73.0,74.0,74.0,74.0,73.0,74.0,74.0,74.0,74.0,74.0,74.0,76.0,74.0,72.0,66.0,66.0,66.0,70.0,1.0,0.0,1.0,7437067.423673745
211,31.0,67.0,2.0,57.0,57.0,58.0,57.0,57.0,57.0,58.0,57.0,57.0,57.0,60.0,60.0,60.0,60.0,60.0,64.0,66.0,66.0,66.0,67.0,4.0,1.0,0.0,1626110.5254184902
212,27.0,71.0,3.0,64.0,64.0,67.0,67.0,67.0,67.0,67.0,70.0,70.0,70.0,67.0,70.0,68.0,68.0,67.0,58.0,49.0,49.0,49.0,54.0,4.0,0.0,1.0,3785139.109972853
213,23.0,64.0,2.0,51.0,51.0,53.0,52.0,52.0,52.0,53.0,54.0,54.0,54.0,56.0,59.0,59.0,59.0,56.0,63.0,62.0,62.0,64.0,61.0,5.0,0.0,1.0,1280070.163453322
214,19.0,54.0,2.0,38.0,38.0,38.0,36.0,36.0,36.0,38.0,36.0,36.0,36.0,40.0,38.0,38.0,38.0,40.0,47.0,52.0,52.0,52.0,50.0,4.0,1.0,0.0,-1712213.4470216334
215,23.0,69.0,1.0,64.0,64.0,63.0,62.0,62.0,62.0,63.0,61.0,61.0,61.0,61.0,58.0,58.0,58.0,61.0,62.0,64.0,64.0,64.0,64.0,6.0,0.0,1.0,5067355.58164411
216,25.0,64.0,2.0,40.0,40.0,38.0,37.0,37.0,37.0,38.0,38.0,38.0,38.0,41.0,44.0,44.0,44.0,41.0,57.0,62.0,62.0,62.0,56.0,10.0,1.0,0.0,2612880.9285661243
217,21.0,68.0,2.0,44.0,44.0,41.0,42.0,42.0,42.0,41.0,42.0,42.0,42.0,44.0,47.0,47.0,47.0,44.0,60.0,67.0,67.0,69.0,59.0,1.0,0.0,1.0,3664869.636243187
218,22.0,68.0,3.0,63.0,63.0,68.0,67.0,67.0,67.0,68.0,67.0,67.0,67.0,67.0,61.0,61.0,61.0,67.0,47.0,39.0,39.0,39.0,47.0,5.0,1.0,0.0,4111615.9746437594
219,27.0,66.0,1.0,64.0,64.0,63.0,62.0,62.0,62.0,63.0,61.0,61.0,61.0,61.0,58.0,58.0,58.0,61.0,62.0,64.0,64.0,64.0,64.0,1.0,0.0,1.0,1778147.4677346908
220,21.0,57.0,2.0,46.0,46.0,47.0,46.0,46.0,46.0,47.0,48.0,48.0,48.0,49.0,50.0,50.0,50.0,49.0,55.0,56.0,56.0,56.0,55.0,2.0,1.0,0.0,-1146717.1054727398
221,27.0,67.0,3.0,59.0,59.0,65.0,63.0,63.0,63.0,65.0,65.0,65.0,65.0,66.0,68.0,66.0,66.0,66.0,61.0,55.0,55.0,55.0,61.0,3.0,1.0,0.0,1667744.660390485
222,29.0,71.0,2.0,69.0,69.0,64.0,66.0,66.0,66.0,64.0,63.0,63.0,63.0,63.0,59.0,59.0,59.0,63.0,49.0,48.0,48.0,48.0,51.0,1.0,0.0,1.0,2957376.4938976765
223,30.0,70.0,2.0,69.0,69.0,63.0,65.0,65.0,65.0,63.0,61.0,61.0,61.0,61.0,55.0,55.0,55.0,61.0,47.0,46.0,46.0,46.0,46.0,3.0,0.0,1.0,2853078.1185207143
224,25.0,68.0,2.0,57.0,57.0,59.0,58.0,58.0,58.0,59.0,59.0,59.0,59.0,60.0,62.0,62.0,62.0,60.0,66.0,68.0,68.0,68.0,67.0,3.0,1.0,0.0,3288091.9274777398
225,33.0,65.0,2.0,45.0,45.0,42.0,42.0,42.0,42.0,42.0,42.0,42.0,42.0,44.0,45.0,45.0,45.0,44.0,56.0,66.0,64.0,64.0,58.0,2.0,0.0,1.0,-1870185.897054024
226,23.0,59.0,2.0,54.0,54.0,58.0,56.0,56.0,56.0,58.0,56.0,56.0,56.0,58.0,52.0,52.0,52.0,58.0,44.0,38.0,38.0,38.0,46.0,6.0,1.0,0.0,-705637.4655392878
227,23.0,75.0,1.0,64.0,64.0,63.0,62.0,62.0,62.0,63.0,61.0,61.0,61.0,61.0,58.0,58.0,58.0,61.0,62.0,64.0,64.0,64.0,64.0,5.0,0.0,1.0,7156356.797439434
228,24.0,71.0,3.0,72.0,70.0,69.0,70.0,70.0,70.0,69.0,67.0,67.0,67.0,66.0,57.0,57.0,57.0,66.0,40.0,35.0,35.0,35.0,45.0,2.0,1.0,0.0,5930879.159541171
229,25.0,61.0,2.0,47.0,47.0,47.0,47.0,47.0,47.0,47.0,48.0,48.0,48.0,48.0,50.0,50.0,50.0,48.0,57.0,60.0,60.0,60.0,57.0,7.0,0.0,1.0,1671306.7547386475
230,26.0,67.0,2.0,51.0,51.0,48.0,50.0,50.0,50.0,48.0,52.0,52.0,52.0,52.0,59.0,59.0,59.0,52.0,66.0,66.0,66.0,66.0,61.0,3.0,1.0,0.0,1936883.9086128883
231,23.0,56.0,2.0,47.0,47.0,51.0,49.0,49.0,49.0,51.0,49.0,49.0,49.0,52.0,47.0,47.0,47.0,52.0,50.0,52.0,52.0,52.0,55.0,8.0,1.0,0.0,-71814.51635016873
232,18.0,61.0,3.0,58.0,58.0,61.0,61.0,61.0,61.0,61.0,60.0,60.0,60.0,59.0,52.0,52.0,52.0,59.0,38.0,32.0,32.0,32.0,41.0,3.0,0.0,1.0,2511213.5131629966
233,21.0,81.0,3.0,80.0,80.0,77.0,78.0,78.0,78.0,77.0,76.0,76.0,76.0,74.0,67.0,67.0,67.0,74.0,51.0,45.0,45.0,45.0,50.0,1.0,0.0,1.0,9793967.75221382
234,18.0,51.0,2.0,41.0,41.0,44.0,41.0,41.0,41.0,44.0,39.0,39.0,39.0,45.0,38.0,38.0,38.0,45.0,43.0,47.0,47.0,47.0,49.0,2.0,0.0,1.0,-3685908.3179553337
235,21.0,63.0,2.0,63.0,63.0,61.0,62.0,62.0,62.0,61.0,61.0,61.0,61.0,62.0,53.0,53.0,53.0,60.0,43.0,39.0,39.0,39.0,42.0,1.0,0.0,0.0,290946.326038301
236,24.0,69.0,3.0,68.0,68.0,64.0,66.0,66.0,66.0,64.0,64.0,64.0,64.0,63.0,57.0,57.0,57.0,63.0,45.0,42.0,42.0,42.0,44.0,3.0,0.0,1.0,4427032.871983226
237,28.0,74.0,2.0,49.0,49.0,47.0,48.0,48.0,48.0,47.0,51.0,51.0,51.0,52.0,59.0,59.0,59.0,52.0,70.0,72.0,72.0,74.0,64.0,8.0,1.0,0.0,5464808.58757484
238,34.0,72.0,2.0,52.0,52.0,49.0,51.0,51.0,51.0,49.0,53.0,53.0,53.0,51.0,59.0,59.0,59.0,51.0,67.0,70.0,70.0,73.0,61.0,1.0,0.0,0.0,2742930.302110821
239,35.0,70.0,2.0,45.0,45.0,36.0,41.0,41.0,41.0,36.0,42.0,42.0,42.0,39.0,51.0,51.0,51.0,39.0,64.0,69.0,69.0,69.0,56.0,2.0,1.0,0.0,2379833.014706578
240,20.0,52.0,2.0,49.0,49.0,51.0,50.0,50.0,50.0,51.0,51.0,51.0,51.0,51.0,50.0,50.0,50.0,51.0,50.0,51.0,51.0,51.0,50.0,1.0,0.0,1.0,-3332623.6917357147
241,35.0,64.0,2.0,54.0,54.0,56.0,56.0,56.0,56.0,56.0,59.0,59.0,59.0,58.0,63.0,63.0,63.0,58.0,64.0,61.0,61.0,61.0,59.0,3.0,0.0,1.0,-1691632.7095045447
242,26.0,62.0,2.0,60.0,60.0,60.0,59.0,59.0,59.0,60.0,58.0,58.0,58.0,60.0,56.0,56.0,56.0,60.0,54.0,52.0,52.0,52.0,55.0,7.0,0.0,0.0,907497.007247135
243,25.0,61.0,2.0,51.0,51.0,58.0,56.0,56.0,56.0,58.0,59.0,59.0,59.0,59.0,59.0,61.0,59.0,59.0,60.0,57.0,57.0,57.0,58.0,5.0,0.0,1.0,696565.6948625781
244,20.0,68.0,3.0,59.0,59.0,63.0,61.0,61.0,61.0,63.0,61.0,61.0,61.0,64.0,62.0,62.0,62.0,64.0,65.0,65.0,65.0,65.0,69.0,1.0,0.0,0.0,4800885.257889681
245,30.0,68.0,3.0,69.0,67.0,68.0,68.0,68.0,68.0,68.0,67.0,67.0,67.0,67.0,62.0,62.0,62.0,67.0,52.0,46.0,46.0,46.0,51.0,1.0,0.0,1.0,1891686.4822183587
246,24.0,64.0,3.0,55.0,55.0,60.0,57.0,57.0,57.0,60.0,56.0,56.0,56.0,60.0,55.0,55.0,55.0,60.0,58.0,58.0,58.0,58.0,64.0,2.0,1.0,0.0,2944679.2489612587
247,27.0,61.0,2.0,58.0,58.0,59.0,59.0,59.0,59.0,59.0,58.0,58.0,58.0,60.0,56.0,56.0,56.0,60.0,56.0,56.0,56.0,56.0,59.0,4.0,0.0,1.0,249351.17751687393
248,21.0,55.0,2.0,52.0,52.0,54.0,54.0,54.0,54.0,54.0,54.0,54.0,54.0,55.0,54.0,54.0,54.0,55.0,52.0,51.0,51.0,51.0,52.0,4.0,0.0,1.0,-1948611.9472601824
249,25.0,73.0,2.0,57.0,57.0,54.0,55.0,55.0,55.0,54.0,55.0,55.0,55.0,55.0,58.0,58.0,58.0,55.0,67.0,72.0,72.0,72.0,67.0,1.0,0.0,1.0,5745502.95549994
250,23.0,58.0,2.0,55.0,55.0,57.0,55.0,55.0,55.0,57.0,52.0,52.0,52.0,55.0,44.0,44.0,44.0,55.0,38.0,37.0,37.0,37.0,44.0,3.0,1.0,0.0,-629632.2949252948
251,20.0,61.0,3.0,60.0,60.0,61.0,60.0,60.0,60.0,61.0,60.0,60.0,60.0,61.0,56.0,56.0,56.0,61.0,48.0,44.0,44.0,44.0,48.0,1.0,0.0,1.0,693613.2197871357
252,30.0,76.0,2.0,53.0,53.0,48.0,50.0,50.0,50.0,48.0,51.0,51.0,51.0,50.0,57.0,57.0,57.0,50.0,69.0,76.0,74.0,74.0,66.0,5.0,0.0,1.0,4637883.986237612
253,30.0,74.0,2.0,52.0,52.0,48.0,49.0,49.0,49.0,48.0,50.0,50.0,50.0,50.0,56.0,56.0,56.0,50.0,66.0,75.0,73.0,73.0,64.0,3.0,0.0,0.0,2448353.5773171075
254,35.0,73.0,3.0,72.0,72.0,73.0,73.0,73.0,73.0,73.0,72.0,72.0,72.0,73.0,69.0,69.0,69.0,73.0,57.0,51.0,51.0,51.0,58.0,3.0,0.0,1.0,3236602.5302898176
255,31.0,73.0,3.0,65.0,65.0,72.0,70.0,70.0,70.0,72.0,71.0,71.0,71.0,71.0,66.0,66.0,66.0,71.0,53.0,45.0,45.0,45.0,53.0,2.0,1.0,0.0,3474851.8595080674
256,27.0,69.0,2.0,43.0,43.0,41.0,40.0,40.0,40.0,41.0,41.0,41.0,41.0,43.0,47.0,47.0,47.0,43.0,61.0,68.0,68.0,68.0,62.0,3.0,0.0,1.0,3266180.3650208525
257,21.0,69.0,3.0,62.0,62.0,68.0,66.0,66.0,66.0,68.0,67.0,69.0,67.0,67.0,63.0,63.0,63.0,67.0,53.0,45.0,45.0,45.0,52.0,3.0,0.0,1.0,3139535.8126145415
258,30.0,71.0,2.0,54.0,54.0,55.0,56.0,56.0,56.0,55.0,58.0,58.0,58.0,58.0,61.0,61.0,61.0,58.0,68.0,70.0,70.0,70.0,65.0,3.0,1.0,0.0,3317601.6201948673
259,19.0,50.0,1.0,64.0,64.0,63.0,62.0,62.0,62.0,63.0,61.0,61.0,61.0,61.0,58.0,58.0,58.0,61.0,62.0,64.0,64.0,64.0,64.0,3.0,0.0,1.0,-2320933.5011115596
260,25.0,68.0,2.0,51.0,51.0,56.0,54.0,54.0,54.0,56.0,56.0,56.0,56.0,59.0,58.0,58.0,58.0,59.0,63.0,63.0,63.0,63.0,67.0,6.0,0.0,1.0,3452615.086827662
261,29.0,66.0,3.0,60.0,60.0,63.0,62.0,62.0,62.0,63.0,61.0,61.0,61.0,64.0,60.0,60.0,60.0,64.0,58.0,55.0,55.0,55.0,63.0,3.0,0.0,1.0,2604070.919504974
262,31.0,63.0,2.0,62.0,62.0,60.0,61.0,61.0,61.0,60.0,60.0,60.0,60.0,61.0,61.0,61.0,61.0,61.0,65.0,66.0,66.0,66.0,64.0,3.0,0.0,1.0,306295.3439783864
263,19.0,54.0,2.0,36.0,36.0,35.0,35.0,35.0,35.0,35.0,35.0,35.0,35.0,37.0,36.0,36.0,36.0,37.0,45.0,52.0,52.0,52.0,50.0,5.0,1.0,0.0,-206805.32526092976
264,33.0,71.0,2.0,48.0,48.0,47.0,47.0,47.0,47.0,47.0,49.0,49.0,49.0,49.0,53.0,53.0,53.0,49.0,64.0,70.0,70.0,70.0,64.0,9.0,1.0,0.0,4979523.801201653
265,30.0,68.0,3.0,52.0,52.0,59.0,55.0,55.0,55.0,59.0,56.0,56.0,56.0,62.0,58.0,58.0,58.0,62.0,65.0,65.0,65.0,65.0,69.0,3.0,0.0,0.0,1981122.1001430713
266,29.0,71.0,1.0,64.0,64.0,63.0,62.0,62.0,62.0,63.0,61.0,61.0,61.0,61.0,58.0,58.0,58.0,61.0,62.0,64.0,64.0,64.0,64.0,4.0,0.0,1.0,4099544.2018999085
267,25.0,69.0,3.0,64.0,64.0,67.0,66.0,66.0,66.0,67.0,66.0,66.0,66.0,66.0,65.0,65.0,65.0,66.0,67.0,69.0,69.0,69.0,68.0,1.0,0.0,1.0,5036013.918595254
268,28.0,61.0,2.0,59.0,59.0,61.0,60.0,60.0,60.0,61.0,59.0,59.0,59.0,61.0,56.0,56.0,56.0,61.0,51.0,47.0,47.0,47.0,50.0,1.0,0.0,1.0,-2225149.7169344053
269,30.0,63.0,2.0,55.0,55.0,57.0,56.0,56.0,56.0,57.0,58.0,58.0,58.0,58.0,59.0,59.0,59.0,58.0,61.0,60.0,60.0,60.0,58.0,2.0,0.0,1.0,-947037.9784313254
270,21.0,56.0,3.0,51.0,51.0,55.0,53.0,53.0,53.0,55.0,52.0,52.0,52.0,54.0,48.0,48.0,48.0,54.0,44.0,42.0,42.0,42.0,45.0,1.0,1.0,0.0,-1212730.5344802067
271,25.0,74.0,3.0,67.0,67.0,72.0,70.0,70.0,70.0,72.0,70.0,70.0,70.0,73.0,70.0,70.0,70.0,73.0,68.0,64.0,64.0,64.0,73.0,7.0,1.0,0.0,7950576.377517078
272,28.0,72.0,3.0,71.0,71.0,69.0,69.0,69.0,69.0,69.0,68.0,68.0,68.0,67.0,61.0,61.0,61.0,67.0,50.0,48.0,48.0,48.0,50.0,3.0,0.0,0.0,4939084.129922021
273,24.0,58.0,1.0,64.0,64.0,63.0,62.0,62.0,62.0,63.0,61.0,61.0,61.0,61.0,58.0,58.0,58.0,61.0,62.0,64.0,64.0,64.0,64.0,2.0,0.0,1.0,-476897.53469595686
274,27.0,75.0,3.0,66.0,66.0,69.0,68.0,68.0,68.0,69.0,69.0,69.0,69.0,70.0,71.0,71.0,71.0,70.0,76.0,72.0,72.0,72.0,72.0,5.0,0.0,1.0,7163703.701802749
275,27.0,73.0,3.0,66.0,66.0,72.0,71.0,71.0,71.0,72.0,72.0,72.0,72.0,71.0,67.0,67.0,67.0,73.0,52.0,41.0,41.0,41.0,48.0,4.0,1.0,0.0,3954802.1922985613
276,19.0,59.0,2.0,53.0,53.0,57.0,56.0,56.0,56.0,57.0,58.0,58.0,58.0,58.0,57.0,57.0,57.0,58.0,55.0,51.0,51.0,51.0,55.0,1.0,0.0,1.0,-414286.92896034196
277,29.0,69.0,3.0,53.0,53.0,58.0,56.0,56.0,56.0,58.0,56.0,56.0,56.0,59.0,58.0,58.0,58.0,59.0,62.0,64.0,64.0,64.0,67.0,1.0,0.0,1.0,3354511.0302800387
278,19.0,47.0,2.0,45.0,45.0,48.0,46.0,46.0,46.0,48.0,46.0,46.0,46.0,47.0,40.0,40.0,40.0,47.0,34.0,32.0,32.0,32.0,36.0,3.0,1.0,0.0,-5162686.164490152
279,35.0,72.0,2.0,57.0,57.0,58.0,58.0,58.0,58.0,58.0,61.0,61.0,61.0,62.0,66.0,66.0,66.0,62.0,70.0,70.0,70.0,70.0,71.0,3.0,0.0,0.0,2238265.895178154
280,21.0,65.0,3.0,63.0,63.0,64.0,63.0,63.0,63.0,64.0,62.0,62.0,62.0,63.0,58.0,58.0,58.0,63.0,50.0,47.0,47.0,47.0,53.0,4.0,0.0,1.0,3758553.576195512
281,25.0,68.0,2.0,59.0,59.0,64.0,62.0,62.0,62.0,64.0,63.0,63.0,63.0,65.0,63.0,63.0,63.0,65.0,65.0,65.0,65.0,65.0,68.0,4.0,0.0,1.0,3306942.5381369516
282,35.0,67.0,2.0,60.0,60.0,59.0,59.0,59.0,59.0,59.0,59.0,59.0,59.0,59.0,62.0,62.0,62.0,59.0,66.0,70.0,68.0,68.0,65.0,4.0,1.0,0.0,-669592.108287815
283,34.0,71.0,3.0,70.0,70.0,67.0,69.0,69.0,69.0,67.0,68.0,68.0,68.0,67.0,69.0,69.0,69.0,67.0,70.0,70.0,70.0,70.0,68.0,1.0,0.0,1.0,4201676.829615839
284,21.0,70.0,3.0,62.0,62.0,68.0,66.0,66.0,66.0,68.0,66.0,66.0,66.0,68.0,65.0,65.0,65.0,68.0,66.0,66.0,66.0,66.0,69.0,1.0,0.0,1.0,5587815.38124707
285,22.0,79.0,3.0,74.0,74.0,74.0,75.0,75.0,75.0,74.0,75.0,75.0,75.0,75.0,77.0,79.0,79.0,75.0,79.0,78.0,78.0,78.0,77.0,1.0,0.0,1.0,9762783.492199846
286,29.0,68.0,2.0,44.0,44.0,41.0,41.0,41.0,41.0,41.0,40.0,40.0,40.0,43.0,44.0,44.0,44.0,43.0,57.0,69.0,67.0,67.0,60.0,3.0,0.0,1.0,481679.6908145435
287,19.0,56.0,1.0,64.0,64.0,63.0,62.0,62.0,62.0,63.0,61.0,61.0,61.0,61.0,58.0,58.0,58.0,61.0,62.0,64.0,64.0,64.0,64.0,7.0,0.0,1.0,1061421.7455761656
288,24.0,78.0,2.0,61.0,61.0,55.0,58.0,58.0,58.0,55.0,57.0,57.0,57.0,57.0,61.0,61.0,61.0,57.0,70.0,77.0,77.0,77.0,69.0,5.0,0.0,1.0,9022952.981717333
289,23.0,70.0,3.0,68.0,70.0,68.0,69.0,69.0,69.0,68.0,69.0,69.0,69.0,67.0,60.0,60.0,60.0,67.0,45.0,39.0,39.0,39.0,44.0,1.0,0.0,1.0,4497213.0455487
290,21.0,57.0,2.0,40.0,40.0,38.0,38.0,38.0,38.0,38.0,38.0,38.0,38.0,41.0,42.0,42.0,42.0,41.0,51.0,57.0,55.0,55.0,53.0,2.0,1.0,0.0,-3225596.2221733294
291,17.0,49.0,2.0,47.0,47.0,46.0,47.0,47.0,47.0,46.0,46.0,46.0,46.0,45.0,41.0,41.0,41.0,45.0,31.0,27.0,27.0,27.0,32.0,3.0,1.0,0.0,-3549276.3807468712
292,19.0,56.0,2.0,44.0,44.0,48.0,46.0,46.0,46.0,48.0,45.0,45.0,45.0,50.0,45.0,45.0,45.0,50.0,49.0,53.0,53.0,53.0,54.0,2.0,0.0,1.0,-1895121.5828709826
293,23.0,65.0,3.0,64.0,64.0,57.0,60.0,60.0,60.0,57.0,56.0,56.0,56.0,54.0,49.0,49.0,49.0,54.0,38.0,38.0,38.0,38.0,36.0,5.0,0.0,0.0,3918023.8006262667
294,29.0,77.0,4.0,70.0,70.0,75.0,74.0,74.0,74.0,75.0,75.0,75.0,75.0,75.0,73.0,73.0,73.0,75.0,66.0,58.0,58.0,58.0,65.0,5.0,0.0,1.0,8325239.672535349
295,30.0,65.0,2.0,52.0,52.0,50.0,49.0,49.0,49.0,50.0,50.0,50.0,50.0,51.0,54.0,54.0,54.0,51.0,61.0,66.0,64.0,64.0,59.0,1.0,0.0,0.0,-2346488.607634194
296,29.0,66.0,2.0,58.0,58.0,60.0,60.0,60.0,60.0,60.0,63.0,63.0,63.0,61.0,63.0,63.0,63.0,61.0,65.0,63.0,63.0,63.0,62.0,0.0,0.0,1.0,946305.0242691785
297,28.0,76.0,2.0,43.0,43.0,42.0,43.0,43.0,43.0,42.0,46.0,46.0,46.0,46.0,53.0,53.0,53.0,46.0,68.0,76.0,74.0,74.0,64.0,5.0,0.0,1.0,3929330.332486417
298,25.0,60.0,3.0,58.0,58.0,60.0,59.0,59.0,59.0,60.0,58.0,58.0,58.0,60.0,57.0,57.0,57.0,60.0,51.0,47.0,47.0,47.0,52.0,4.0,0.0,1.0,131925.33455267176
299,27.0,67.0,3.0,63.0,63.0,66.0,66.0,66.0,66.0,66.0,67.0,67.0,67.0,66.0,66.0,66.0,68.0,66.0,60.0,54.0,54.0,54.0,60.0,3.0,0.0,1.0,2803269.7963242643
300,26.0,61.0,1.0,64.0,64.0,63.0,62.0,62.0,62.0,63.0,61.0,61.0,61.0,61.0,58.0,58.0,58.0,61.0,62.0,64.0,64.0,64.0,64.0,4.0,1.0,0.0,993012.971148733
301,23.0,61.0,1.0,64.0,64.0,63.0,62.0,62.0,62.0,63.0,61.0,61.0,61.0,61.0,58.0,58.0,58.0,61.0,62.0,64.0,64.0,64.0,64.0,1.0,0.0,0.0,563992.2316117994
302,22.0,64.0,2.0,53.0,53.0,52.0,53.0,53.0,53.0,52.0,54.0,54.0,54.0,54.0,58.0,58.0,58.0,54.0,62.0,64.0,64.0,64.0,59.0,2.0,0.0,1.0,1290351.3877552748
303,32.0,62.0,2.0,61.0,61.0,62.0,62.0,62.0,62.0,62.0,62.0,62.0,62.0,61.0,61.0,61.0,61.0,61.0,59.0,58.0,58.0,58.0,58.0,4.0,1.0,0.0,-87803.22201518714
304,22.0,58.0,1.0,64.0,64.0,63.0,62.0,62.0,62.0,63.0,61.0,61.0,61.0,61.0,58.0,58.0,58.0,61.0,62.0,64.0,64.0,64.0,64.0,5.0,0.0,1.0,710123.9198545441
305,20.0,58.0,2.0,55.0,55.0,56.0,56.0,56.0,56.0,56.0,55.0,55.0,55.0,57.0,51.0,51.0,51.0,57.0,42.0,36.0,36.0,36.0,42.0,3.0,1.0,0.0,-1570998.4575155377
306,32.0,75.0,3.0,73.0,73.0,73.0,74.0,74.0,74.0,73.0,74.0,74.0,74.0,74.0,77.0,75.0,75.0,74.0,74.0,71.0,71.0,71.0,72.0,7.0,0.0,1.0,6375441.2341883965
307,28.0,81.0,4.0,79.0,79.0,81.0,81.0,81.0,81.0,81.0,80.0,80.0,80.0,81.0,76.0,76.0,76.0,81.0,68.0,64.0,64.0,64.0,70.0,10.0,0.0,0.0,12034921.718301632
308,20.0,60.0,2.0,59.0,59.0,54.0,57.0,57.0,57.0,54.0,55.0,55.0,55.0,52.0,49.0,49.0,49.0,52.0,38.0,36.0,36.0,36.0,37.0,1.0,0.0,1.0,513838.4354280792
309,34.0,75.0,3.0,68.0,68.0,70.0,70.0,70.0,70.0,70.0,72.0,72.0,72.0,71.0,74.0,74.0,74.0,71.0,70.0,64.0,64.0,64.0,65.0,8.0,1.0,0.0,5809472.762463905
310,25.0,63.0,1.0,64.0,64.0,63.0,62.0,62.0,62.0,63.0,61.0,61.0,61.0,61.0,58.0,58.0,58.0,61.0,62.0,64.0,64.0,64.0,64.0,0.0,0.0,1.0,756649.6865843795
311,26.0,63.0,2.0,64.0,62.0,54.0,57.0,57.0,57.0,54.0,53.0,53.0,53.0,53.0,48.0,48.0,48.0,53.0,40.0,40.0,40.0,40.0,41.0,6.0,0.0,1.0,1599155.827726964
312,23.0,57.0,3.0,56.0,56.0,56.0,56.0,56.0,56.0,56.0,55.0,55.0,55.0,55.0,49.0,49.0,49.0,55.0,40.0,35.0,35.0,35.0,40.0,1.0,0.0,1.0,-1062670.635044217
313,38.0,69.0,1.0,64.0,64.0,63.0,62.0,62.0,62.0,63.0,61.0,61.0,61.0,61.0,58.0,58.0,58.0,61.0,62.0,64.0,64.0,64.0,64.0,2.0,0.0,0.0,870324.6303090416
314,28.0,72.0,3.0,70.0,70.0,69.0,70.0,70.0,70.0,69.0,70.0,70.0,70.0,71.0,71.0,71.0,71.0,71.0,66.0,61.0,61.0,61.0,63.0,3.0,0.0,1.0,4207641.661689021
315,20.0,62.0,4.0,59.0,59.0,63.0,61.0,61.0,61.0,63.0,60.0,60.0,60.0,61.0,51.0,51.0,51.0,61.0,39.0,34.0,34.0,34.0,43.0,3.0,1.0,0.0,3559949.607103817
316,29.0,67.0,3.0,60.0,60.0,63.0,63.0,63.0,63.0,63.0,64.0,64.0,64.0,64.0,68.0,66.0,66.0,64.0,64.0,60.0,60.0,60.0,62.0,4.0,0.0,0.0,1952943.77522951
317,26.0,78.0,2.0,56.0,56.0,57.0,58.0,58.0,58.0,57.0,62.0,62.0,62.0,60.0,69.0,69.0,69.0,60.0,76.0,79.0,77.0,77.0,71.0,4.0,0.0,1.0,4894829.086454701
318,30.0,67.0,3.0,62.0,62.0,62.0,63.0,63.0,63.0,62.0,64.0,64.0,64.0,63.0,65.0,65.0,65.0,63.0,66.0,65.0,65.0,65.0,63.0,3.0,0.0,1.0,3016430.013496522
319,24.0,79.0,3.0,68.0,68.0,69.0,69.0,69.0,69.0,69.0,70.0,70.0,70.0,71.0,74.0,74.0,76.0,71.0,78.0,77.0,77.0,77.0,77.0,5.0,1.0,0.0,9263759.82713478
320,33.0,65.0,2.0,47.0,47.0,45.0,45.0,45.0,45.0,45.0,47.0,47.0,47.0,49.0,54.0,54.0,54.0,49.0,61.0,65.0,63.0,63.0,58.0,2.0,0.0,1.0,-3761220.942831449
321,26.0,69.0,2.0,48.0,48.0,44.0,44.0,44.0,44.0,44.0,44.0,44.0,44.0,46.0,48.0,48.0,48.0,46.0,60.0,67.0,67.0,69.0,60.0,2.0,0.0,1.0,3519444.182451077
322,22.0,61.0,2.0,52.0,52.0,58.0,55.0,55.0,55.0,58.0,57.0,57.0,57.0,59.0,56.0,56.0,56.0,59.0,51.0,46.0,46.0,46.0,52.0,4.0,0.0,1.0,-779921.5792593099
323,20.0,58.0,2.0,38.0,38.0,35.0,35.0,35.0,35.0,35.0,35.0,35.0,35.0,36.0,38.0,38.0,38.0,36.0,48.0,56.0,56.0,58.0,50.0,3.0,0.0,1.0,696315.8949521817
324,31.0,74.0,2.0,54.0,54.0,53.0,52.0,52.0,52.0,53.0,54.0,54.0,54.0,55.0,60.0,60.0,60.0,55.0,70.0,73.0,73.0,73.0,67.0,1.0,0.0,1.0,3372402.7148011588
325,26.0,67.0,3.0,65.0,65.0,66.0,66.0,66.0,66.0,66.0,65.0,65.0,65.0,64.0,58.0,58.0,58.0,64.0,51.0,48.0,48.0,48.0,52.0,7.0,0.0,1.0,5227131.420808081
326,21.0,67.0,2.0,55.0,55.0,58.0,57.0,57.0,57.0,58.0,59.0,59.0,59.0,59.0,61.0,61.0,61.0,59.0,65.0,66.0,66.0,66.0,64.0,6.0,0.0,1.0,4149205.084684562
327,29.0,64.0,2.0,43.0,43.0,41.0,41.0,41.0,41.0,41.0,42.0,42.0,42.0,46.0,48.0,48.0,48.0,46.0,58.0,64.0,62.0,62.0,57.0,2.0,0.0,0.0,-3431079.3009327278
328,30.0,80.0,3.0,79.0,79.0,73.0,75.0,75.0,75.0,73.0,72.0,72.0,72.0,71.0,64.0,64.0,64.0,71.0,52.0,52.0,52.0,52.0,51.0,4.0,0.0,1.0,8364391.622113764
329,31.0,67.0,3.0,66.0,66.0,62.0,63.0,63.0,63.0,62.0,60.0,60.0,60.0,61.0,51.0,51.0,51.0,61.0,41.0,40.0,40.0,40.0,42.0,2.0,1.0,0.0,2034454.2429161407
330,30.0,63.0,3.0,49.0,49.0,57.0,55.0,55.0,55.0,57.0,59.0,59.0,59.0,59.0,62.0,62.0,62.0,59.0,63.0,59.0,59.0,59.0,58.0,3.0,0.0,0.0,-724543.6423515268
331,20.0,51.0,2.0,45.0,45.0,46.0,46.0,46.0,46.0,46.0,48.0,48.0,48.0,48.0,49.0,49.0,49.0,48.0,50.0,49.0,49.0,49.0,50.0,2.0,1.0,0.0,-3413050.504177626
332,25.0,70.0,3.0,64.0,64.0,68.0,67.0,67.0,67.0,68.0,69.0,69.0,69.0,68.0,69.0,69.0,71.0,68.0,68.0,64.0,64.0,64.0,66.0,6.0,0.0,1.0,5316940.828913141
333,33.0,79.0,3.0,79.0,77.0,73.0,75.0,75.0,75.0,73.0,71.0,71.0,71.0,72.0,65.0,65.0,65.0,72.0,53.0,50.0,50.0,50.0,53.0,2.0,1.0,0.0,6412682.48878362
334,23.0,63.0,2.0,60.0,60.0,60.0,61.0,61.0,61.0,60.0,62.0,62.0,62.0,61.0,62.0,62.0,62.0,61.0,60.0,57.0,57.0,57.0,58.0,3.0,1.0,0.0,1558190.5753709078
335,25.0,64.0,2.0,48.0,48.0,50.0,50.0,50.0,50.0,50.0,53.0,53.0,53.0,54.0,58.0,58.0,58.0,54.0,62.0,62.0,62.0,62.0,59.0,2.0,0.0,1.0,-348160.80737541243
336,26.0,59.0,2.0,41.0,41.0,42.0,41.0,41.0,41.0,42.0,43.0,43.0,43.0,45.0,46.0,46.0,46.0,45.0,55.0,58.0,58.0,58.0,57.0,3.0,0.0,1.0,-1030388.8688221276
337,34.0,83.0,1.0,64.0,64.0,63.0,62.0,62.0,62.0,63.0,61.0,61.0,61.0,61.0,58.0,58.0,58.0,61.0,62.0,64.0,64.0,64.0,64.0,7.0,0.0,1.0,8543378.074345283
338,18.0,59.0,2.0,40.0,40.0,37.0,37.0,37.0,37.0,37.0,37.0,37.0,37.0,39.0,41.0,41.0,41.0,39.0,52.0,58.0,58.0,58.0,53.0,3.0,1.0,0.0,1053031.2236410938
339,24.0,68.0,3.0,67.0,69.0,61.0,64.0,64.0,64.0,61.0,62.0,62.0,62.0,61.0,56.0,56.0,56.0,61.0,46.0,44.0,44.0,44.0,42.0,2.0,0.0,0.0,3485500.7433050126
340,25.0,73.0,1.0,64.0,64.0,63.0,62.0,62.0,62.0,63.0,61.0,61.0,61.0,61.0,58.0,58.0,58.0,61.0,62.0,64.0,64.0,64.0,64.0,2.0,0.0,1.0,5186778.002230998
341,22.0,58.0,3.0,53.0,53.0,57.0,55.0,55.0,55.0,57.0,55.0,55.0,55.0,57.0,51.0,51.0,51.0,57.0,43.0,37.0,37.0,37.0,47.0,2.0,1.0,0.0,-297593.29016025737
342,23.0,70.0,2.0,47.0,47.0,46.0,46.0,46.0,46.0,46.0,46.0,46.0,46.0,49.0,51.0,51.0,51.0,49.0,63.0,71.0,69.0,69.0,64.0,1.0,0.0,1.0,1546685.3566281274
343,21.0,57.0,2.0,50.0,50.0,55.0,54.0,54.0,54.0,55.0,56.0,56.0,56.0,56.0,56.0,56.0,56.0,56.0,51.0,47.0,47.0,47.0,50.0,2.0,1.0,0.0,-2120118.956611965
344,28.0,69.0,3.0,67.0,67.0,67.0,67.0,67.0,67.0,67.0,66.0,66.0,66.0,66.0,63.0,63.0,63.0,66.0,56.0,54.0,54.0,54.0,54.0,3.0,0.0,1.0,3320329.071656484
345,27.0,59.0,2.0,38.0,38.0,35.0,35.0,35.0,35.0,35.0,35.0,35.0,35.0,36.0,38.0,38.0,38.0,36.0,50.0,58.0,58.0,58.0,51.0,0.0,0.0,0.0,-1385403.2134395018
346,22.0,64.0,3.0,64.0,62.0,63.0,62.0,62.0,62.0,63.0,61.0,61.0,61.0,62.0,56.0,56.0,56.0,62.0,47.0,45.0,45.0,45.0,50.0,5.0,0.0,1.0,3061731.1648973413
347,21.0,60.0,2.0,59.0,59.0,55.0,56.0,56.0,56.0,55.0,53.0,53.0,53.0,54.0,47.0,47.0,47.0,54.0,37.0,35.0,35.0,35.0,37.0,5.0,0.0,1.0,31035.410119876266
348,30.0,55.0,2.0,46.0,46.0,46.0,46.0,46.0,46.0,46.0,46.0,46.0,46.0,48.0,48.0,48.0,48.0,48.0,53.0,55.0,55.0,55.0,53.0,4.0,0.0,1.0,-3562723.694347013
349,34.0,62.0,3.0,60.0,60.0,62.0,62.0,62.0,62.0,62.0,63.0,63.0,63.0,61.0,58.0,58.0,58.0,61.0,49.0,45.0,45.0,45.0,49.0,5.0,1.0,0.0,523540.90231317654
350,26.0,65.0,3.0,62.0,62.0,63.0,63.0,63.0,63.0,63.0,64.0,64.0,64.0,64.0,63.0,63.0,63.0,64.0,61.0,59.0,59.0,59.0,59.0,3.0,1.0,0.0,2570581.045572333
351,21.0,63.0,1.0,64.0,64.0,63.0,62.0,62.0,62.0,63.0,61.0,61.0,61.0,61.0,58.0,58.0,58.0,61.0,62.0,64.0,64.0,64.0,64.0,3.0,1.0,0.0,2544422.095665846
352,22.0,78.0,3.0,58.0,58.0,63.0,61.0,61.0,61.0,63.0,62.0,62.0,62.0,66.0,65.0,65.0,65.0,66.0,73.0,78.0,76.0,78.0,75.0,6.0,0.0,1.0,7398989.912361313
353,30.0,65.0,2.0,59.0,59.0,63.0,62.0,62.0,62.0,63.0,63.0,63.0,63.0,64.0,62.0,62.0,62.0,66.0,58.0,51.0,51.0,51.0,57.0,1.0,0.0,1.0,-1035481.8958879933
354,29.0,65.0,2.0,61.0,61.0,64.0,63.0,63.0,63.0,64.0,64.0,64.0,64.0,65.0,63.0,63.0,63.0,65.0,58.0,53.0,53.0,53.0,58.0,7.0,1.0,0.0,1268326.5889013708
355,29.0,67.0,2.0,54.0,54.0,53.0,53.0,53.0,53.0,53.0,53.0,53.0,53.0,56.0,56.0,56.0,56.0,56.0,63.0,65.0,65.0,65.0,64.0,1.0,0.0,1.0,1061125.1984734274
356,31.0,74.0,3.0,72.0,72.0,74.0,74.0,74.0,74.0,74.0,73.0,73.0,73.0,72.0,67.0,67.0,67.0,72.0,54.0,48.0,48.0,48.0,53.0,2.0,0.0,1.0,4617654.484255038
357,29.0,79.0,3.0,77.0,77.0,68.0,73.0,73.0,73.0,68.0,68.0,68.0,68.0,67.0,62.0,62.0,62.0,67.0,50.0,48.0,48.0,48.0,47.0,4.0,0.0,1.0,8145260.271021683
358,21.0,79.0,2.0,63.0,63.0,63.0,64.0,64.0,64.0,63.0,65.0,65.0,65.0,66.0,71.0,71.0,71.0,66.0,77.0,78.0,78.0,78.0,74.0,8.0,0.0,1.0,9333869.54034029
359,27.0,72.0,3.0,65.0,65.0,68.0,67.0,67.0,67.0,68.0,67.0,67.0,67.0,68.0,68.0,68.0,68.0,68.0,70.0,69.0,69.0,69.0,70.0,4.0,1.0,0.0,6235548.425040305
360,31.0,64.0,2.0,62.0,62.0,65.0,64.0,64.0,64.0,65.0,63.0,63.0,63.0,65.0,62.0,62.0,62.0,65.0,59.0,58.0,58.0,58.0,63.0,7.0,0.0,1.0,1236562.6129782237
361,26.0,72.0,3.0,67.0,67.0,69.0,69.0,69.0,69.0,69.0,70.0,70.0,70.0,70.0,70.0,70.0,70.0,70.0,69.0,66.0,66.0,66.0,69.0,1.0,1.0,0.0,5693992.550559849
362,21.0,60.0,2.0,47.0,47.0,52.0,51.0,51.0,51.0,52.0,54.0,54.0,54.0,55.0,56.0,56.0,56.0,55.0,58.0,55.0,55.0,55.0,57.0,4.0,0.0,1.0,-271498.86276673153
363,21.0,69.0,4.0,68.0,68.0,69.0,68.0,68.0,68.0,69.0,67.0,67.0,67.0,69.0,61.0,61.0,61.0,69.0,53.0,51.0,51.0,51.0,56.0,1.0,0.0,1.0,5635766.30239749
364,28.0,68.0,2.0,40.0,40.0,35.0,37.0,37.0,37.0,35.0,36.0,36.0,36.0,38.0,41.0,41.0,41.0,38.0,56.0,67.0,67.0,69.0,56.0,6.0,0.0,1.0,3869806.9425555132
365,26.0,74.0,3.0,72.0,72.0,74.0,74.0,74.0,74.0,74.0,73.0,73.0,73.0,72.0,66.0,66.0,66.0,72.0,53.0,47.0,47.0,47.0,54.0,3.0,0.0,1.0,6383075.464295339
366,24.0,59.0,2.0,53.0,53.0,56.0,56.0,56.0,56.0,56.0,58.0,58.0,58.0,57.0,60.0,58.0,58.0,57.0,56.0,53.0,53.0,53.0,54.0,3.0,0.0,1.0,-1639235.0747347884
367,24.0,65.0,3.0,58.0,58.0,63.0,61.0,61.0,61.0,63.0,61.0,61.0,61.0,64.0,60.0,60.0,60.0,64.0,60.0,59.0,59.0,59.0,65.0,1.0,0.0,1.0,2656311.813642919
368,18.0,54.0,3.0,51.0,51.0,54.0,52.0,52.0,52.0,54.0,52.0,52.0,52.0,52.0,45.0,45.0,45.0,52.0,40.0,39.0,39.0,39.0,43.0,3.0,0.0,1.0,-9873.45608286187
369,32.0,69.0,2.0,67.0,67.0,66.0,67.0,67.0,67.0,66.0,66.0,66.0,66.0,66.0,61.0,61.0,61.0,66.0,46.0,40.0,40.0,40.0,45.0,2.0,0.0,1.0,108951.18151752651
370,19.0,65.0,2.0,62.0,62.0,63.0,62.0,62.0,62.0,63.0,62.0,62.0,62.0,63.0,56.0,56.0,56.0,63.0,43.0,38.0,38.0,38.0,43.0,6.0,1.0,0.0,2037766.6805634052
371,21.0,77.0,3.0,67.0,67.0,70.0,67.0,67.0,67.0,70.0,66.0,66.0,66.0,70.0,65.0,65.0,65.0,70.0,70.0,73.0,73.0,73.0,75.0,1.0,0.0,1.0,8784781.445720442
372,26.0,79.0,3.0,78.0,80.0,77.0,77.0,77.0,77.0,77.0,74.0,74.0,74.0,75.0,66.0,66.0,66.0,75.0,49.0,43.0,43.0,43.0,51.0,5.0,1.0,0.0,8519555.396490049
373,32.0,71.0,3.0,62.0,62.0,68.0,67.0,67.0,67.0,68.0,69.0,69.0,69.0,68.0,72.0,70.0,70.0,68.0,69.0,63.0,63.0,63.0,67.0,5.0,0.0,1.0,3938358.7081299163
374,24.0,70.0,2.0,50.0,50.0,49.0,48.0,48.0,48.0,49.0,49.0,49.0,49.0,51.0,53.0,53.0,53.0,51.0,63.0,68.0,68.0,68.0,66.0,5.0,0.0,1.0,5074663.517872918
375,23.0,66.0,1.0,64.0,64.0,63.0,62.0,62.0,62.0,63.0,61.0,61.0,61.0,61.0,58.0,58.0,58.0,61.0,62.0,64.0,64.0,64.0,64.0,0.0,0.0,1.0,2341494.7335863374
376,32.0,76.0,1.0,64.0,64.0,63.0,62.0,62.0,62.0,63.0,61.0,61.0,61.0,61.0,58.0,58.0,58.0,61.0,62.0,64.0,64.0,64.0,64.0,4.0,0.0,1.0,5439423.999522142
377,22.0,52.0,1.0,64.0,64.0,63.0,62.0,62.0,62.0,63.0,61.0,61.0,61.0,61.0,58.0,58.0,58.0,61.0,62.0,64.0,64.0,64.0,64.0,5.0,0.0,1.0,-1637548.1021192595
378,23.0,70.0,3.0,57.0,57.0,62.0,60.0,60.0,60.0,62.0,60.0,60.0,60.0,65.0,62.0,62.0,62.0,65.0,66.0,65.0,65.0,65.0,68.0,4.0,0.0,1.0,4586962.069138356
379,24.0,72.0,4.0,67.0,67.0,71.0,69.0,69.0,69.0,71.0,69.0,69.0,69.0,70.0,64.0,64.0,64.0,70.0,53.0,46.0,46.0,46.0,52.0,5.0,0.0,1.0,6253808.3617115505
380,23.0,66.0,3.0,58.0,58.0,61.0,61.0,61.0,61.0,61.0,62.0,62.0,62.0,63.0,64.0,64.0,64.0,63.0,69.0,64.0,64.0,64.0,65.0,3.0,0.0,1.0,3634524.5559639
381,21.0,58.0,2.0,57.0,57.0,57.0,57.0,57.0,57.0,57.0,57.0,57.0,57.0,57.0,53.0,53.0,53.0,57.0,46.0,42.0,42.0,42.0,45.0,4.0,0.0,0.0,-936260.4028172418
382,26.0,69.0,3.0,67.0,67.0,69.0,68.0,68.0,68.0,69.0,67.0,67.0,67.0,68.0,60.0,60.0,60.0,70.0,46.0,40.0,40.0,40.0,48.0,1.0,0.0,0.0,2308457.6505202614
383,24.0,75.0,3.0,65.0,65.0,69.0,68.0,68.0,68.0,69.0,69.0,69.0,69.0,71.0,70.0,70.0,70.0,71.0,72.0,70.0,70.0,70.0,75.0,5.0,0.0,1.0,8183389.054578327
384,29.0,72.0,1.0,64.0,64.0,63.0,62.0,62.0,62.0,63.0,61.0,61.0,61.0,61.0,58.0,58.0,58.0,61.0,62.0,64.0,64.0,64.0,64.0,1.0,0.0,1.0,3714810.453693416
385,19.0,57.0,2.0,51.0,51.0,55.0,53.0,53.0,53.0,55.0,53.0,53.0,53.0,55.0,48.0,48.0,48.0,55.0,39.0,33.0,33.0,33.0,42.0,2.0,1.0,0.0,-1779269.467111025
386,30.0,84.0,4.0,75.0,75.0,82.0,81.0,81.0,81.0,82.0,82.0,82.0,82.0,82.0,78.0,78.0,78.0,82.0,66.0,54.0,54.0,54.0,66.0,7.0,1.0,0.0,11469463.001964524
387,22.0,59.0,2.0,57.0,57.0,52.0,53.0,53.0,53.0,52.0,49.0,49.0,49.0,50.0,41.0,41.0,41.0,50.0,34.0,36.0,36.0,36.0,36.0,4.0,0.0,1.0,80514.8108673431
388,26.0,68.0,3.0,62.0,62.0,67.0,66.0,66.0,66.0,67.0,66.0,66.0,66.0,68.0,63.0,63.0,63.0,68.0,56.0,51.0,51.0,51.0,59.0,1.0,1.0,0.0,2924651.456473563
389,19.0,62.0,3.0,54.0,54.0,60.0,59.0,59.0,59.0,60.0,61.0,61.0,61.0,59.0,58.0,58.0,58.0,59.0,56.0,55.0,55.0,55.0,57.0,3.0,1.0,0.0,3814029.9131050184
390,23.0,69.0,3.0,60.0,60.0,63.0,61.0,61.0,61.0,63.0,61.0,61.0,61.0,64.0,62.0,62.0,62.0,64.0,65.0,66.0,66.0,66.0,67.0,6.0,0.0,1.0,5499802.812368672
391,31.0,71.0,2.0,56.0,56.0,60.0,59.0,59.0,59.0,60.0,63.0,63.0,63.0,63.0,66.0,66.0,66.0,63.0,69.0,71.0,69.0,69.0,67.0,5.0,0.0,1.0,570030.4686517753
392,31.0,74.0,3.0,71.0,71.0,74.0,73.0,73.0,73.0,74.0,73.0,73.0,73.0,73.0,67.0,67.0,67.0,73.0,57.0,52.0,52.0,52.0,57.0,2.0,0.0,1.0,4603528.744710036
393,27.0,58.0,2.0,46.0,46.0,50.0,49.0,49.0,49.0,50.0,51.0,51.0,51.0,51.0,54.0,52.0,52.0,51.0,57.0,57.0,57.0,57.0,57.0,8.0,1.0,0.0,-525273.1184933074
394,31.0,67.0,3.0,61.0,61.0,65.0,64.0,64.0,64.0,65.0,65.0,65.0,65.0,65.0,63.0,63.0,63.0,65.0,53.0,48.0,48.0,48.0,55.0,3.0,1.0,0.0,1873733.856702812
395,27.0,66.0,2.0,49.0,49.0,55.0,52.0,52.0,52.0,55.0,53.0,53.0,53.0,58.0,55.0,55.0,55.0,58.0,62.0,65.0,65.0,65.0,65.0,3.0,0.0,1.0,588675.9943198003
396,34.0,65.0,2.0,58.0,58.0,59.0,58.0,58.0,58.0,59.0,58.0,58.0,58.0,58.0,58.0,58.0,58.0,58.0,60.0,63.0,63.0,63.0,61.0,16.0,0.0,1.0,3820994.156952385
397,22.0,60.0,2.0,59.0,59.0,60.0,58.0,58.0,58.0,60.0,57.0,57.0,57.0,59.0,51.0,51.0,51.0,61.0,44.0,42.0,42.0,42.0,47.0,1.0,0.0,1.0,-1263615.7076461054
398,32.0,80.0,4.0,72.0,72.0,78.0,77.0,77.0,77.0,78.0,79.0,79.0,79.0,78.0,76.0,76.0,76.0,78.0,63.0,51.0,51.0,51.0,59.0,4.0,0.0,1.0,7537125.582456972
399,26.0,67.0,2.0,57.0,57.0,57.0,58.0,58.0,58.0,57.0,58.0,58.0,58.0,59.0,63.0,61.0,61.0,59.0,66.0,63.0,63.0,63.0,64.0,1.0,1.0,0.0,1590368.7989510968
400,29.0,65.0,3.0,59.0,59.0,62.0,61.0,61.0,61.0,62.0,63.0,63.0,63.0,63.0,64.0,64.0,64.0,63.0,62.0,60.0,60.0,60.0,61.0,2.0,0.0,1.0,1265419.7301999703
401,30.0,68.0,3.0,58.0,58.0,59.0,59.0,59.0,59.0,59.0,59.0,59.0,59.0,61.0,62.0,62.0,64.0,61.0,67.0,67.0,67.0,67.0,66.0,3.0,0.0,1.0,2393146.6410794817
402,35.0,62.0,1.0,64.0,64.0,63.0,62.0,62.0,62.0,63.0,61.0,61.0,61.0,61.0,58.0,58.0,58.0,61.0,62.0,64.0,64.0,64.0,64.0,1.0,0.0,1.0,-1431003.3576414175
403,32.0,72.0,4.0,70.0,70.0,73.0,73.0,73.0,73.0,73.0,74.0,74.0,74.0,74.0,74.0,74.0,74.0,74.0,71.0,68.0,68.0,68.0,71.0,10.0,0.0,1.0,7644487.6703866795
404,20.0,60.0,2.0,48.0,48.0,52.0,50.0,50.0,50.0,52.0,49.0,49.0,49.0,52.0,48.0,48.0,48.0,52.0,53.0,58.0,58.0,58.0,58.0,3.0,1.0,0.0,1193515.8282487988
405,22.0,59.0,2.0,57.0,57.0,52.0,53.0,53.0,53.0,52.0,51.0,51.0,51.0,51.0,45.0,45.0,45.0,51.0,40.0,43.0,43.0,43.0,41.0,1.0,1.0,0.0,-412076.3297046684
406,21.0,55.0,2.0,53.0,53.0,52.0,52.0,52.0,52.0,52.0,49.0,49.0,49.0,52.0,46.0,46.0,46.0,52.0,39.0,36.0,36.0,36.0,43.0,5.0,1.0,0.0,-1632153.4373694994
407,20.0,59.0,2.0,52.0,52.0,55.0,55.0,55.0,55.0,55.0,57.0,57.0,57.0,56.0,57.0,57.0,57.0,56.0,55.0,51.0,51.0,51.0,52.0,5.0,1.0,0.0,346572.4356065765
408,19.0,59.0,2.0,52.0,52.0,56.0,56.0,56.0,56.0,56.0,57.0,57.0,57.0,57.0,54.0,54.0,56.0,57.0,46.0,41.0,41.0,41.0,46.0,1.0,1.0,0.0,-1611683.4848679863
409,27.0,62.0,1.0,64.0,64.0,63.0,62.0,62.0,62.0,63.0,61.0,61.0,61.0,61.0,58.0,58.0,58.0,61.0,62.0,64.0,64.0,64.0,64.0,6.0,1.0,0.0,1696128.735827122
410,28.0,68.0,3.0,56.0,56.0,60.0,59.0,59.0,59.0,60.0,60.0,60.0,60.0,62.0,62.0,62.0,62.0,62.0,64.0,65.0,65.0,65.0,66.0,4.0,0.0,1.0,3454103.890865367
411,23.0,68.0,2.0,66.0,66.0,63.0,65.0,65.0,65.0,63.0,62.0,62.0,62.0,61.0,55.0,55.0,55.0,61.0,46.0,47.0,47.0,47.0,47.0,1.0,0.0,1.0,3309286.2934970036
412,31.0,64.0,2.0,51.0,51.0,54.0,54.0,54.0,54.0,54.0,57.0,57.0,57.0,58.0,62.0,62.0,62.0,58.0,64.0,62.0,62.0,62.0,60.0,7.0,0.0,1.0,-588782.6419757791
413,31.0,55.0,2.0,50.0,50.0,52.0,51.0,51.0,51.0,52.0,51.0,51.0,51.0,52.0,50.0,50.0,50.0,52.0,52.0,53.0,53.0,53.0,54.0,1.0,0.0,0.0,-3917567.0977954194
414,24.0,60.0,2.0,58.0,58.0,58.0,55.0,55.0,55.0,56.0,52.0,52.0,52.0,55.0,46.0,46.0,46.0,55.0,38.0,35.0,35.0,35.0,42.0,2.0,0.0,1.0,-684838.6481695399
415,25.0,60.0,2.0,55.0,55.0,61.0,58.0,58.0,58.0,61.0,59.0,59.0,59.0,60.0,57.0,57.0,57.0,60.0,57.0,56.0,56.0,56.0,58.0,3.0,0.0,1.0,-533236.0038188361
416,19.0,64.0,3.0,58.0,58.0,62.0,62.0,62.0,62.0,62.0,64.0,64.0,64.0,63.0,64.0,62.0,62.0,63.0,58.0,53.0,53.0,53.0,56.0,5.0,1.0,0.0,3408673.0945759155
417,27.0,64.0,2.0,64.0,62.0,55.0,57.0,57.0,57.0,55.0,53.0,53.0,53.0,53.0,47.0,47.0,47.0,53.0,41.0,45.0,45.0,45.0,42.0,3.0,0.0,1.0,1145291.577176109
418,29.0,70.0,3.0,66.0,66.0,66.0,67.0,67.0,67.0,66.0,67.0,67.0,67.0,67.0,68.0,68.0,68.0,67.0,69.0,69.0,69.0,69.0,67.0,3.0,0.0,0.0,4412266.865826096
419,22.0,65.0,2.0,52.0,52.0,48.0,49.0,49.0,49.0,48.0,49.0,49.0,49.0,50.0,52.0,52.0,52.0,50.0,59.0,64.0,64.0,66.0,59.0,3.0,0.0,1.0,2989559.4190400653
420,21.0,56.0,2.0,36.0,36.0,34.0,34.0,34.0,34.0,34.0,33.0,33.0,33.0,35.0,36.0,36.0,36.0,35.0,47.0,54.0,54.0,54.0,49.0,2.0,0.0,1.0,-1004764.3144387677
421,24.0,58.0,1.0,64.0,64.0,63.0,62.0,62.0,62.0,63.0,61.0,61.0,61.0,61.0,58.0,58.0,58.0,61.0,62.0,64.0,64.0,64.0,64.0,3.0,0.0,1.0,-218226.7285174802
422,18.0,52.0,2.0,48.0,48.0,49.0,49.0,49.0,49.0,49.0,50.0,50.0,50.0,51.0,50.0,50.0,50.0,51.0,49.0,47.0,47.0,47.0,49.0,4.0,0.0,1.0,-2660791.8740429953
423,30.0,71.0,3.0,67.0,67.0,70.0,69.0,69.0,69.0,70.0,69.0,69.0,69.0,71.0,70.0,70.0,70.0,71.0,68.0,64.0,64.0,64.0,69.0,2.0,0.0,1.0,3835061.121304333
424,27.0,68.0,3.0,62.0,62.0,67.0,64.0,64.0,64.0,67.0,64.0,64.0,64.0,66.0,59.0,59.0,59.0,66.0,54.0,51.0,51.0,51.0,57.0,1.0,0.0,1.0,2771815.184182681
425,20.0,60.0,2.0,53.0,53.0,55.0,55.0,55.0,55.0,55.0,57.0,57.0,57.0,55.0,58.0,58.0,58.0,55.0,59.0,58.0,58.0,58.0,58.0,7.0,0.0,1.0,2323893.291874703
426,20.0,57.0,2.0,53.0,53.0,56.0,55.0,55.0,55.0,56.0,56.0,56.0,56.0,57.0,55.0,55.0,55.0,57.0,51.0,48.0,48.0,48.0,51.0,2.0,1.0,0.0,-1659043.3360586949
427,24.0,70.0,3.0,68.0,70.0,71.0,70.0,70.0,70.0,71.0,69.0,69.0,69.0,69.0,63.0,63.0,63.0,69.0,49.0,41.0,41.0,41.0,49.0,4.0,0.0,1.0,4657145.133131009
428,25.0,60.0,2.0,42.0,42.0,47.0,44.0,44.0,44.0,47.0,45.0,45.0,45.0,50.0,47.0,47.0,47.0,50.0,54.0,56.0,56.0,56.0,58.0,7.0,1.0,0.0,-222419.67143806815
429,21.0,68.0,3.0,64.0,64.0,68.0,67.0,67.0,67.0,68.0,67.0,67.0,67.0,68.0,66.0,66.0,66.0,68.0,59.0,53.0,53.0,53.0,59.0,1.0,0.0,1.0,3627522.4053686783
430,23.0,61.0,1.0,64.0,64.0,63.0,62.0,62.0,62.0,63.0,61.0,61.0,61.0,61.0,58.0,58.0,58.0,61.0,62.0,64.0,64.0,64.0,64.0,4.0,0.0,1.0,1419784.6066554263
431,27.0,73.0,1.0,64.0,64.0,63.0,62.0,62.0,62.0,63.0,61.0,61.0,61.0,61.0,58.0,58.0,58.0,61.0,62.0,64.0,64.0,64.0,64.0,4.0,1.0,0.0,5482852.497088794
432,22.0,70.0,3.0,62.0,62.0,66.0,66.0,66.0,66.0,66.0,67.0,67.0,67.0,68.0,70.0,68.0,68.0,68.0,66.0,62.0,62.0,62.0,65.0,1.0,1.0,0.0,3982779.4665473066
433,17.0,58.0,2.0,57.0,57.0,51.0,54.0,54.0,54.0,51.0,50.0,50.0,50.0,49.0,42.0,42.0,42.0,49.0,32.0,33.0,33.0,33.0,33.0,2.0,0.0,1.0,480961.963475924
434,28.0,62.0,2.0,56.0,56.0,58.0,57.0,57.0,57.0,58.0,56.0,56.0,56.0,59.0,56.0,56.0,56.0,61.0,58.0,58.0,58.0,58.0,60.0,2.0,1.0,0.0,-771633.4249944575
435,24.0,64.0,2.0,53.0,53.0,60.0,59.0,59.0,59.0,60.0,62.0,62.0,62.0,61.0,62.0,62.0,62.0,61.0,59.0,51.0,51.0,51.0,56.0,1.0,1.0,0.0,355735.8997325115
436,24.0,74.0,3.0,67.0,67.0,70.0,69.0,69.0,69.0,70.0,71.0,71.0,71.0,71.0,72.0,72.0,74.0,71.0,72.0,69.0,69.0,69.0,70.0,4.0,0.0,1.0,6348090.677801188
437,19.0,58.0,2.0,50.0,50.0,57.0,53.0,53.0,53.0,57.0,54.0,54.0,54.0,57.0,51.0,51.0,51.0,57.0,48.0,45.0,45.0,45.0,52.0,5.0,0.0,1.0,-504823.54581227526
438,20.0,76.0,3.0,67.0,67.0,69.0,71.0,71.0,71.0,69.0,73.0,73.0,73.0,70.0,74.0,74.0,74.0,70.0,71.0,64.0,64.0,64.0,65.0,5.0,0.0,1.0,9126979.80321242
439,21.0,66.0,3.0,50.0,50.0,57.0,53.0,53.0,53.0,57.0,55.0,55.0,55.0,60.0,57.0,57.0,57.0,60.0,62.0,62.0,62.0,62.0,65.0,6.0,0.0,1.0,3487212.79951163
440,21.0,58.0,3.0,54.0,54.0,57.0,56.0,56.0,56.0,57.0,55.0,55.0,55.0,57.0,48.0,48.0,48.0,57.0,39.0,35.0,35.0,35.0,42.0,1.0,1.0,0.0,-463125.74942607805
441,21.0,66.0,3.0,64.0,64.0,66.0,65.0,65.0,65.0,66.0,62.0,62.0,62.0,66.0,53.0,53.0,53.0,64.0,43.0,40.0,40.0,40.0,46.0,1.0,0.0,1.0,2640335.223124251
442,22.0,57.0,2.0,41.0,41.0,41.0,41.0,41.0,41.0,41.0,40.0,40.0,40.0,41.0,41.0,41.0,41.0,41.0,50.0,56.0,56.0,56.0,51.0,3.0,0.0,1.0,-266718.616315078
443,19.0,54.0,2.0,36.0,36.0,33.0,33.0,33.0,33.0,33.0,32.0,32.0,32.0,34.0,34.0,34.0,34.0,34.0,44.0,52.0,52.0,52.0,49.0,1.0,1.0,0.0,-998852.411677707
