10
5
6
1,2,3,4,5
1,3
1,4
3,2
3,4
5,3
4,5
false
5
6
A1,A2,A3,A4,A5
A1,A3
A1,A4
A3,A2
A3,A4
A5,A3
A5,A4
true
3
2
1,2,3
1,2
2,3
true
5
6
1,2,3,4,5
1,3
1,5
1,4
3,2
3,4
3,5
true
5
6
1,2,3,4,5
1,3
1,4
3,2
3,4
3,5
4,5
true
7
9
1,2,3,4,5,6,7
1,3
1,7
1,4
3,2
3,4
3,5
4,5
2,7
6,4
true
7
9
1,2,3,4,5,6,7
1,3
7,1
1,4
3,2
3,4
3,5
4,5
2,7
6,4
false
8
10
1,2,3,4,5,6,7,8
1,3
1,4
3,2
3,4
3,5
4,5
7,8
8,6
5,8
6,1
false
8
10
1,2,3,4,5,6,7,8
1,3
1,4
3,2
3,4
3,5
4,5
7,8
8,6
5,8
6,2
true
8
11
1,2,3,4,5,6,7,8
1,3
1,4
3,1
3,2
3,4
3,5
4,5
7,8
8,6
5,8
6,2
false